20
42 83
20 26 9
9 14 15
22 23 4
23 30 24
22 37 21
6 24 83
4 37 48
18 32 75
1 24 53
19 24 61
36 38 77
24 34 4
26 39 42
28 34 83
1 10 85
9 40 63
31 37 83
29 36 21
21 37 56
26 31 66
30 31 75
1 9 24
30 36 34
19 37 12
10 29 62
31 42 26
5 28 95
1 27 44
5 40 98
23 36 50
4 40 73
24 36 47
11 30 77
9 34 7
23 26 24
10 37 8
11 26 58
12 31 95
3 36 97
8 30 91
20 39 83
7 33 15
32 36 31
27 39 8
11 18 17
19 39 40
31 39 84
7 32 34
33 36 55
23 40 93
15 41 71
1 30 17
7 15 3
32 35 13
5 17 44
39 40 57
17 39 87
23 39 99
3 29 45
3 21 13
16 40 66
10 42 27
2 40 25
27 40 31
14 37 23
22 37 19
4 9 13
8 36 49
9 24 95
4 10 7
21 42 77
22 41 10
24 32 2
13 20 67
18 25 86
2 41 23
19 27 44
26 31 52
3 6 7
5 11 33
1 5 27
35 38 24
7 38 43
13 91
6 10 87
5 8 14
4 5 2
4 9 68
6 11 27
4 5 49
7 12 98
5 13 73
7 8 64
1 3 34
4 10 34
4 6 76
2 11 37
1 10 98
7 10 74
1 6 90
7 13 36
4 7 17
4 8 38
5 11 36
5 10 35
5 11 80
1 5 84
4 5 30
3 13 49
7 8 94
2 7 45
7 13 86
2 4 86
7 10 62
4 6 55
7 11 8
11 12 43
8 11 5
6 9 61
7 8 14
4 10 25
4 7 47
1 8 5
1 12 51
5 12 37
2 13 61
2 9 5
2 5 27
2 9 30
6 10 33
9 12 94
9 13 87
6 10 29
6 12 12
7 10 39
3 7 74
1 11 38
6 9 10
1 4 5
1 11 48
2 10 35
1 8 45
4 11 71
3 6 63
11 13 96
6 9 56
2 6 87
1 5 15
4 8 50
6 13 73
8 12 89
6 8 77
7 11 10
10 11 60
11 13 27
4 6 46
4 11 22
5 13 9
1 12 75
2 11 10
2 9 6
7 8 72
2 11 27
2 4 37
5 8 34
1 13 93
4 11 27
1 7 14
5 12 54
7 12 81
3 11 71
6 12 96
4 9 1
4 13 69
1 4 52
2 100
1 2 28
1 2 75
1 2 19
1 2 67
1 2 92
1 2 2
1 2 15
1 2 2
1 2 67
1 2 63
1 2 87
1 2 75
1 2 36
1 2 30
1 2 35
1 2 7
1 2 42
1 2 88
1 2 18
1 2 54
1 2 34
1 2 73
1 2 23
1 2 5
1 2 99
1 2 63
1 2 53
1 2 76
1 2 56
1 2 68
1 2 100
1 2 78
1 2 9
1 2 23
1 2 92
1 2 26
1 2 90
1 2 3
1 2 55
1 2 55
1 2 84
1 2 79
1 2 46
1 2 82
1 2 60
1 2 4
1 2 10
1 2 33
1 2 24
1 2 70
1 2 76
1 2 2
1 2 16
1 2 82
1 2 36
1 2 51
1 2 81
1 2 71
1 2 13
1 2 65
1 2 26
1 2 96
1 2 17
1 2 83
1 2 48
1 2 82
1 2 98
1 2 48
1 2 88
1 2 66
1 2 17
1 2 63
1 2 8
1 2 51
1 2 17
1 2 64
1 2 50
1 2 53
1 2 12
1 2 25
1 2 35
1 2 4
1 2 91
1 2 33
1 2 71
1 2 73
1 2 78
1 2 29
1 2 31
1 2 76
1 2 12
1 2 43
1 2 70
1 2 60
1 2 36
1 2 75
1 2 97
1 2 69
1 2 9
1 2 16
48 42
17 28 11
5 25 37
19 45 21
7 23 47
11 26 47
6 44 19
26 45 23
2 48 1
6 33 55
32 42 93
14 22 70
4 16 85
10 11 70
28 30 73
1 35 41
18 28 47
10 45 75
12 35 20
14 47 56
21 28 59
11 29 13
19 33 53
19 25 45
18 32 58
12 38 70
18 44 4
35 39 28
20 34 80
5 12 31
6 27 19
29 48 99
23 47 91
29 30 99
13 33 55
6 44 31
11 39 63
16 22 29
14 41 59
12 21 98
1 12 54
14 39 83
4 26 24
81 9
67 79 7
22 54 23
38 53 30
25 34 26
43 64 63
11 65 83
3 62 100
28 61 32
15 73 17
87 100
24 36 68
16 31 34
16 87 5
3 60 64
15 50 12
40 51 17
12 41 9
6 21 86
25 29 95
18 46 12
2 81 85
25 70 76
12 33 96
1 83 96
43 54 54
48 50 52
1 2 1
30 57 8
44 77 40
4 8 56
60 82 2
3 55 79
27 44 19
1 77 9
34 64 5
28 86 7
23 26 46
19 34 19
37 61 28
27 33 44
17 25 68
51 83 55
25 81 84
1 38 17
22 47 56
42 73 3
30 74 7
41 79 41
38 55 54
43 72 38
9 61 99
53 59 19
31 53 66
39 58 15
14 37 76
50 52 22
11 26 50
23 25 42
16 19 29
8 74 75
24 28 29
65 68 83
39 44 37
16 83 48
63 79 7
22 39 88
42 72 23
12 20 90
63 85 49
36 73 87
29 43 76
1 14 28
7 75 96
34 81 77
52 86 77
29 45 52
39 51 8
63 66 47
57 58 44
10 78 74
18 47 4
11 80 55
10 81 67
33 45 11
28 60 19
55 77 4
15 62 66
19 23 75
38 69 10
56 70 96
52 72 20
16 62 86
40 75 26
35 77 70
27 77 13
53 66 2
25 71 22
18 38 88
5 18 77
40 86 44
5 70 4
22 69 95
30 35 7
71 83 5
39 49 45
21 52 63
30 87 19
10 66 37
3 28 69
12 47 27
10 2
1 7 2
6 9 1
6 2
1 3 1
3 6 1
100 100
35 51 73
45 83 68
81 94 67
24 85 91
28 44 33
35 54 12
58 77 69
11 69 13
15 50 62
69 90 32
60 82 23
34 54 20
60 96 21
20 46 31
58 67 71
30 64 45
87 99 20
8 63 62
7 30 79
42 71 72
41 70 18
23 56 51
86 87 71
37 41 88
17 43 10
4 27 22
38 56 33
43 82 1
29 83 42
2 49 64
50 77 93
56 68 86
60 99 81
31 79 48
32 39 94
42 54 49
88 100 11
5 68 59
51 59 13
91 99 6
15 91 24
70 85 15
8 33 18
7 99 65
43 81 1
24 47 79
61 89 26
7 90 43
52 88 3
38 64 66
19 78 93
55 77 65
22 64 94
90 93 87
48 66 86
51 92 63
2 81 22
83 93 100
49 100 57
20 35 51
37 42 23
5 50 37
21 58 61
82 95 43
7 18 68
23 97 75
12 76 23
27 93 30
18 54 79
36 91 16
54 77 6
63 88 65
67 94 36
62 85 6
85 95 83
61 89 20
51 80 84
5 42 84
15 62 49
26 80 46
65 88 48
3 14 54
10 64 45
68 72 57
7 70 1
7 23 53
3 5 21
55 98 43
57 76 65
63 98 74
3 95 11
1 88 47
17 53 20
14 45 22
17 63 49
28 66 21
22 63 60
11 98 20
37 50 39
5 39 52
6 2
1 3 2
4 6 1
81 25
36 50 55
31 58 21
61 64 31
39 78 25
35 47 73
15 23 38
6 38 68
33 48 86
16 70 49
30 81 70
35 75 18
58 80 62
20 42 21
24 34 13
8 61 49
16 60 91
18 37 26
8 16 80
32 68 26
1 80 28
29 65 24
39 59 99
38 81 61
23 70 46
6 11 100
26 50
6 15 96
15 16 28
3 11 97
8 21 74
8 12 32
5 25 2
9 19 74
10 24 89
25 26 69
1 10 88
4 23 24
14 24 6
9 19 76
11 22 13
17 24 64
3 24 49
2 4 71
17 20 60
4 8 99
4 9 69
12 20 36
12 15 23
19 24 75
7 22 61
3 23 99
9 25 38
21 22 18
1 18 78
12 20 64
13 16 82
14 17 37
8 19 5
5 15 82
2 4 8
12 19 75
18 25 46
1 11 96
16 26 30
18 23 65
2 14 58
8 17 81
24 26 7
11 14 47
1 25 22
7 20 49
15 17 77
17 20 55
19 20 34
1 7 29
12 20 22
11 34
4 5 6
5 8 90
1 9 30
6 7 90
3 8 60
4 9 37
3 10 94
2 8 29
10 11 20
5 8 11
2 11 13
7 11 66
7 8 93
3 10 1
2 9 66
8 10 78
4 5 83
1 10 22
5 7 94
5 10 47
1 7 9
1 2 75
1 5 41
2 4 1
2 6 93
1 11 75
1 8 83
2 3 65
5 10 44
2 11 63
2 7 69
1 11 93
5 11 17
7 10 3
63 1
48 61 85
100 100
10 73 33
6 81 95
38 93 53
46 63 99
48 65 31
44 69 4
36 64 71
49 68 2
42 91 75
24 99 57
15 97 47
31 79 28
4 53 15
34 75 35
20 81 27
24 97 77
19 80 31
28 94 83
42 51 36
44 89 71
7 51 37
42 52 75
16 72 68
18 98 8
10 53 64
38 85 70
48 76 59
39 67 92
36 61 88
21 98 25
20 58 32
32 54 2
42 78 18
49 71 82
29 63 37
3 84 1
29 86 87
21 70 88
42 89 6
28 66 68
21 78 28
39 91 4
22 86 24
24 52 30
27 87 43
22 83 2
23 57 33
21 53 29
10 85 53
33 93 68
3 87 61
21 91 5
44 59 94
42 67 14
16 93 41
40 85 99
29 100 9
10 55 44
24 98 33
14 58 27
18 91 45
34 68 43
35 87 49
50 92 8
28 57 49
23 56 2
39 80 21
6 81 28
22 71 35
26 53 85
40 89 50
26 73 27
20 97 27
11 71 62
45 78 55
30 80 69
10 56 45
8 57 27
18 69 66
21 70 82
32 92 28
24 90 16
16 72 66
10 84 1
30 59 88
15 96 6
25 72 70
44 86 67
16 79 12
9 59 21
48 94 81
44 68 26
14 76 36
19 97 12
6 76 63
25 82 23
18 94 46
1 100 93
20 56 63
7 68 46
28 17
6 26 65
7 24 86
16 19 100
6 10 40
7 22 36
2 15 76
7 15 84
27 28 53
14 18 28
25 26 71
9 22 9
11 12 50
3 15 10
3 24 42
5 27 31
24 25 2
9 10 95
100 100
62 70 26
28 45 11
47 48 75
8 31 19
79 90 83
66 76 37
61 97 27
96 99 62
21 37 96
8 13 21
6 28 26
79 93 77
6 43 73
83 97 22
20 46 78
66 85 77
1 15 12
9 11 3
38 39 5
26 50 87
82 93 88
34 46 78
72 100 21
4 32 7
62 83 79
9 28 69
53 72 7
65 78 58
86 100 62
16 43 12
6 25 31
18 27 100
9 14 18
7 43 86
6 20 8
16 35 60
52 55 88
41 44 1
7 27 59
57 61 74
52 92 31
56 63 5
10 41 7
31 47 87
75 80 13
25 44 74
63 85 35
10 20 47
7 9 65
75 99 20
37 46 97
52 97 23
2 39 52
66 91 35
12 13 35
56 72 56
85 97 62
13 42 96
39 50 56
19 42 74
59 86 32
55 63 99
51 58 48
5 38 59
70 89 18
52 64 68
20 38 55
62 70 14
52 88 81
14 32 2
53 94 39
83 89 55
75 89 65
68 90 72
34 42 44
19 20 33
95 96 10
57 92 58
26 36 58
73 100 94
58 72 32
26 42 87
14 50 95
3 45 74
52 64 27
94 100 53
8 48 71
16 42 54
7 22 55
75 93 29
6 36 3
8 42 98
55 65 94
83 86 40
71 87 86
33 41 18
60 72 77
53 93 88
51 69 17
57 98 46
38 67
17 27 59
5 12 6
8 36 70
32 36 63
5 14 4
1 34 13
7 18 7
5 15 74
2 23 24
4 10 70
26 30 28
14 36 45
12 14 13
11 15 53
6 22 45
22 26 31
16 32 70
14 26 42
3 31 52
24 33 76
4 24 40
22 24 38
11 32 79
10 18 6
12 19 7
3 5 33
7 34 18
15 20 46
18 29 76
8 19 84
4 32 27
25 28 56
3 14 80
15 28 46
11 22 10
12 15 39
8 10 28
6 16 78
13 16 94
5 32 29
30 34 58
16 28 1
14 36 100
32 33 24
19 33 10
16 35 73
11 25 79
6 15 47
18 21 29
9 38 54
8 32 11
5 29 54
6 24 3
2 28 86
16 18 28
6 33 36
25 31 22
13 18 51
9 36 5
17 26 19
27 30 18
31 33 100
8 36 73
8 9 11
23 35 90
11 37 62
5 27 46
91 58
1 51 95
18 71 42
17 27 37
20 44 70
22 52 80
13 66 94
36 75 13
1 8 25
32 50 63
36 43 21
29 49 28
9 13 16
15 78 47
46 90 8
38 52 62
42 91 21
33 89 37
45 74 24
1 9 86
69 89 6
61 65 35
21 59 63
19 79 98
55 73 75
7 66 25
52 65 79
20 55 66
37 57 86
10 58 87
29 91 70
32 45 20
30 51 1
52 72 57
51 59 45
26 53 43
43 78 46
45 63 52
11 71 57
55 80 79
27 71 29
12 50 40
49 79 10
55 89 45
12 19 62
39 88 90
23 88 49
62 79 63
23 33 11
65 68 7
17 62 91
33 40 54
31 37 40
42 89 28
51 63 8
27 54 88
71 75 81
47 81 65
8 67 96
35 75
1 26 75
19 29 49
4 16 36
8 29 77
2 29 30
4 33 65
2 16 99
10 22 12
1 33 37
13 30 34
30 33 2
13 18 94
8 19 63
26 30 68
32 35 15
4 18 78
10 26 20
15 32 67
15 27 88
5 28 9
14 31 27
4 8 73
9 19 67
22 34 30
7 13 51
10 11 33
12 21 1
17 27 34
2 18 81
3 33 17
14 15 85
9 21 17
8 19 85
15 28 32
18 30 66
11 26 71
21 30 29
18 31 92
3 30 66
4 10 35
3 20 98
1 9 42
30 32 100
4 10 45
5 28 47
3 22 6
17 31 27
8 21 6
14 27 1
8 25 9
2 28 4
11 34 47
5 15 81
1 11 38
15 22 47
21 24 74
31 32 35
20 34 41
1 7 37
22 35 58
3 13 91
6 7 94
6 31 31
6 23 12
13 21 22
22 35 39
1 27 85
17 34 7
24 34 45
3 16 45
5 11 19
1 13 6
26 32 14
22 23 54
14 35 50
