20
80 83
35 55 46
25 53 58
20 23 46
29 79 37
37 60 48
26 76 67
20 71 67
24 30 60
9 32 85
33 37 35
10 18 75
6 79 21
60 74 39
22 59 8
28 31 36
7 47 90
67 70 68
29 57 56
8 53 17
61 73 50
71 77 11
14 25 88
6 42 16
19 24 72
2 40 50
7 76 73
67 68 47
45 60 68
22 51 56
23 47 29
14 79 64
2 60 37
6 58 11
8 61 11
12 50 80
48 70 25
23 25 6
21 48 11
43 45 95
46 51 38
34 47 41
18 23 94
10 31 86
24 33 50
61 70 7
13 23 28
49 65 25
11 44 84
38 56 91
43 45 85
4 39 66
32 68 92
38 58 7
34 49 50
31 74 32
1 53 57
38 69 17
42 73 41
13 80 2
17 51 30
3 40 60
52 55 71
2 73 54
2 9 71
10 53 97
42 76 99
3 65 44
32 34 65
51 62 56
8 40 10
64 65 58
25 35 98
39 70 18
37 46 12
32 77 34
28 40 70
11 62 89
16 77 89
5 43 53
8 29 34
12 65 57
3 78 79
43 60 42
94 58
46 67 39
66 69 60
46 79 63
28 44 86
24 31 2
8 33 8
8 89 70
26 41 16
7 12 77
42 82 81
21 23 49
65 79 20
74 94 68
4 49 79
33 35 49
70 91 49
7 78 24
65 78 70
75 76 55
23 76 25
87 91 51
28 36 9
15 67 33
26 34 64
29 67 59
23 26 42
10 14 7
9 72 1
30 43 87
54 77 20
32 62 61
75 90 64
1 53 72
25 50 20
33 37 24
7 33 21
12 59 31
9 72 74
29 46 6
74 82 92
70 85 48
38 42 63
42 75 9
26 27 83
8 68 4
53 73 80
59 87 77
28 43 27
38 79 97
4 85 90
21 62 76
6 29 96
17 69 46
48 71 60
3 54 36
12 55 22
62 82 22
61 85 45
6 2
1 3 2
4 6 1
100 100
36 98 15
10 53 63
42 96 85
18 96 29
38 69 59
44 82 4
30 84 95
28 55 19
1 78 78
22 60 34
6 92 68
10 53 87
48 93 9
2 63 22
1 78 17
8 89 45
2 77 18
46 95 43
37 58 4
9 88 84
50 75 41
1 68 93
12 82 59
32 65 1
40 71 57
16 58 90
6 57 84
12 70 73
11 67 2
4 56 39
31 53 89
36 70 26
18 88 83
45 90 15
39 94 42
37 59 99
25 78 4
14 64 45
32 55 33
7 86 22
48 94 77
28 72 43
31 98 33
2 89 53
29 75 64
17 70 49
23 79 49
25 58 59
10 66 39
46 68 28
33 84 68
32 83 64
18 75 92
1 82 29
44 80 83
21 64 30
36 97 31
21 81 32
6 71 60
16 82 30
21 65 51
24 57 42
32 55 48
23 57 90
39 55 78
18 57 64
44 74 52
4 51 77
31 78 89
6 96 97
9 61 75
46 66 98
32 89 75
5 75 24
46 73 60
39 91 27
32 81 44
17 57 12
17 67 30
7 53 47
40 77 6
24 55 67
13 51 56
12 64 25
46 93 76
42 62 33
49 88 31
6 100 82
13 54 63
31 69 79
43 78 54
3 58 47
32 51 59
20 56 13
6 77 87
29 63 98
45 85 26
7 82 16
24 98 87
3 57 24
82 50
69 72 68
6 77 34
7 61 18
3 39 88
39 81 67
51 65 44
47 60 79
28 53 25
37 53 77
9 46 49
34 64 39
8 56 75
37 70 84
18 66 58
4 61 88
49 78 68
29 75 17
46 51 76
25 51 81
32 82 61
1 58 54
38 71 77
13 42 61
23 75 80
17 69 28
65 79 6
14 21 79
43 60 30
21 64 63
67 80 63
27 49 83
59 65 5
17 46 1
11 80 88
29 40 53
29 73 34
17 64 32
3 67 21
64 67 94
56 65 42
28 82 72
36 76 65
53 54 76
55 78 10
51 52 90
12 55 29
18 76 77
2 63 40
13 35 89
3 48 61
39 17
18 25 78
10 12 34
12 21 62
13 29 80
2 30 93
16 33 27
25 28 76
10 38 6
25 35 49
34 37 84
23 29 18
1 26 11
21 36 3
14 23 68
13 20 4
18 27 56
22 28 15
26 100
3 23 66
7 11 35
3 14 23
9 20 60
18 23 53
6 11 80
16 19 46
4 12 37
9 21 34
14 23 1
4 13 51
11 22 66
8 16 63
13 18 82
11 26 73
9 23 61
4 21 39
13 22 74
4 22 69
18 21 13
2 26 75
4 6 1
6 12 5
19 24 84
12 24 88
19 22 63
3 9 57
7 19 34
3 16 72
10 13 53
6 24 60
5 17 55
3 23 3
5 18 22
17 20 84
19 25 42
18 26 49
5 20 78
2 24 27
7 14 5
11 15 45
18 24 13
6 25 51
23 26 89
6 10 74
10 24 37
8 11 30
17 19 98
12 19 26
13 23 38
4 21 67
17 23 87
13 25 21
10 20 20
6 9 45
4 15 38
18 20 1
10 22 99
7 11 33
1 17 76
6 18 10
4 16 37
7 14 64
13 14 43
17 18 86
3 17 38
11 23 79
7 13 92
10 13 76
5 15 61
2 8 13
16 20 89
5 15 10
4 11 18
9 25 48
13 26 31
12 16 64
11 19 23
9 24 17
8 20 43
25 26 97
21 24 23
2 16 78
4 13 45
2 23 86
13 24 55
8 11 76
3 9 69
3 8 37
6 18 62
1 11 2
1 25 91
5 10 21
14 24 80
6 13 12
3 12 34
18 20 28
11 20 33
6 11 69
4 16 57
86 9
63 66 48
12 31 2
25 68 77
41 48 94
60 63 9
81 83 66
13 72 69
29 75 2
9 47 9
99 67
17 80 18
8 50 63
47 48 26
7 94 42
10 95 23
6 65 33
7 18 87
36 78 51
39 64 44
50 58 69
1 79 77
30 92 33
61 88 75
93 96 34
12 52 73
34 93 10
21 57 35
1 12 43
14 35 79
26 46 29
22 49 27
29 94 58
81 94 51
12 38 36
27 94 74
43 79 3
9 55 9
24 74 63
1 27 52
9 28 4
11 16 22
4 82 82
42 63 21
23 28 70
63 93 100
7 94 86
41 82 41
8 20 16
21 38 63
33 34 75
13 83 69
35 54 18
44 51 93
53 59 52
46 86 69
56 69 98
22 92 2
62 88 7
67 77 16
30 91 51
25 56 33
12 91 24
44 75 33
32 49 48
20 80 3
21 59 86
31 34 43
34 92 24
69 77 17
6 88 82
57 78 1
28 99 87
66 71 49
31 83 92
53 78 61
6 28 33
64 77 95
32 42
9 19 42
12 30 2
4 32 63
26 31 20
20 30 99
24 31 92
19 22 53
3 14 6
12 29 82
14 29 30
10 30 80
8 9 59
11 20 87
14 17 71
14 15 89
20 31 80
22 31 30
13 29 20
2 23 19
24 30 66
29 32 77
25 27 71
12 24 63
8 15 72
14 31 62
3 9 58
21 30 14
23 28 94
3 14 43
28 31 82
2 24 95
3 20 65
6 16 38
8 15 19
2 6 32
6 15 25
29 30 2
15 29 45
4 13 100
6 18 37
3 19 22
9 21 9
100 100
69 99 16
28 77 61
24 76 4
40 86 33
9 21 79
53 87 47
89 93 97
1 68 71
34 37 23
75 93 56
87 95 23
15 36 43
28 80 23
91 97 67
26 27 75
58 73 17
56 80 6
6 47 11
16 81 78
15 70 98
84 99 2
13 15 37
1 57 94
2 45 70
75 100 94
52 89 74
53 87 97
50 87 20
3 86 51
41 72 3
31 96 35
7 100 54
49 71 52
65 100 48
1 81 33
20 41 10
6 36 51
17 76 93
38 88 15
10 48 90
26 100 17
4 12 99
27 46 42
51 98 66
26 31 87
35 68 14
10 38 94
41 76 5
66 72 10
37 52 8
2 81 37
1 16 90
29 45 14
9 58 65
64 89 8
27 41 11
92 97 18
4 30 51
11 75 73
29 43 8
53 62 97
80 88 43
35 74 17
27 76 83
29 39 62
3 59 90
41 79 79
80 86 61
52 63 75
34 51 33
15 88 41
40 71 42
27 71 5
31 34 40
18 60 49
93 97 80
42 49 88
28 62 25
44 78 23
61 66 79
60 75 55
23 82 63
47 82 13
22 44 51
21 38 68
41 55 68
24 86 16
1 19 46
9 48 76
1 83 70
64 86 60
17 98 60
9 32 9
62 85 36
62 100 38
55 63 88
10 80 35
22 90 42
37 71 75
23 31 77
70 75
38 57 37
59 66 35
10 31 36
62 64 88
13 49 32
35 50 91
46 47 85
12 60 93
43 45 86
48 52 68
7 65 59
38 57 48
17 26 75
38 49 16
8 23 16
30 49 44
7 50 28
43 46 11
15 20 23
26 32 75
22 44 61
7 26 44
21 28 25
37 67 69
20 54 42
36 62 70
48 68 66
19 23 81
28 67 82
12 69 10
22 28 69
34 66 49
22 49 54
59 66 53
17 70 90
16 20 62
10 63 5
12 63 33
50 63 56
36 55 89
2 38 97
13 43 43
34 38 50
58 62 7
46 48 78
25 56 19
2 18 19
15 53 73
4 57 26
15 38 98
10 27 68
54 60 37
53 55 69
35 44 89
21 26 21
18 36 20
35 58 10
38 68 88
10 48 60
27 67 34
4 11 99
30 36 50
20 54 9
19 38 19
14 31 76
41 43 72
26 35 52
41 44 46
8 63 85
15 53 77
13 39 35
5 63 23
27 64 69
20 50 46
33 37 71
10 1
1 8 46
6 2
1 3 1
3 6 1
10 2
1 7 2
6 9 1
2 100
1 2 80
1 2 83
1 2 21
1 2 66
1 2 25
1 2 35
1 2 52
1 2 84
1 2 99
1 2 14
1 2 91
1 2 34
1 2 31
1 2 2
1 2 40
1 2 58
1 2 61
1 2 75
1 2 39
1 2 76
1 2 52
1 2 46
1 2 42
1 2 53
1 2 90
1 2 44
1 2 38
1 2 13
1 2 36
1 2 24
1 2 38
1 2 38
1 2 55
1 2 84
1 2 34
1 2 39
1 2 61
1 2 36
1 2 76
1 2 87
1 2 46
1 2 16
1 2 57
1 2 13
1 2 40
1 2 85
1 2 80
1 2 58
1 2 65
1 2 42
1 2 37
1 2 72
1 2 73
1 2 69
1 2 80
1 2 58
1 2 63
1 2 27
1 2 46
1 2 87
1 2 55
1 2 46
1 2 83
1 2 64
1 2 15
1 2 97
1 2 1
1 2 64
1 2 89
1 2 13
1 2 80
1 2 8
1 2 4
1 2 19
1 2 11
1 2 17
1 2 38
1 2 46
1 2 85
1 2 59
1 2 1
1 2 93
1 2 97
1 2 89
1 2 73
1 2 64
1 2 66
1 2 56
1 2 34
1 2 62
1 2 79
1 2 41
1 2 50
1 2 81
1 2 57
1 2 30
1 2 59
1 2 56
1 2 1
1 2 91
100 100
84 89 49
68 70 35
57 74 86
52 90 10
43 47 31
30 46 91
22 29 49
70 94 99
67 99 2
8 50 46
58 89 3
67 72 14
79 91 46
42 46 38
34 37 34
12 31 55
23 41 21
51 78 5
35 50 37
30 46 20
60 87 11
13 50 59
72 89 40
75 87 79
51 72 38
5 50 78
26 30 49
38 43 98
82 100 72
59 71 52
70 78 13
52 60 57
18 29 20
14 18 65
8 42 65
24 44 30
12 46 35
68 91 24
15 23 60
51 72 33
74 95 41
59 66 76
5 24 44
22 25 62
9 41 28
58 61 37
47 50 78
58 63 78
70 89 59
57 73 30
14 22 71
11 44 27
60 83 77
5 46 12
28 35 62
57 95 42
75 82 77
11 32 54
23 31 91
10 19 54
23 38 23
60 71 22
52 74 35
89 99 24
14 33 86
24 35 90
61 98 38
3 13 11
36 46 59
59 83 90
52 75 83
99 100 37
60 66 98
38 41 70
38 45 99
13 15 62
59 95 63
53 67 78
55 85 39
8 36 92
61 70 68
73 87 41
18 27 94
68 89 36
82 92 7
38 44 55
59 62 26
94 95 27
36 39 24
30 32 82
73 82 64
41 50 29
4 35 18
93 95 66
58 67 5
25 40 68
11 36 83
54 99 50
14 35 1
18 19 14
53 25
36 42 58
34 52 5
13 28 11
49 50 11
4 50 95
7 36 67
12 50 63
2 15 71
13 44 3
8 48 49
19 24 53
17 27 42
17 31 9
39 47 95
12 32 35
21 43 29
5 30 5
16 29 80
35 51 46
43 48 54
28 42 10
20 38 47
23 25 12
27 50 41
7 48 82
57 91
17 44 25
8 11 28
39 50 72
9 10 68
39 44 79
5 10 37
1 15 89
6 22 74
48 51 75
10 17 62
50 56 3
28 41 33
32 38 25
44 50 44
21 57 82
29 33 57
32 51 32
26 39 85
20 43 74
1 41 24
42 51 4
1 8 63
42 47 80
27 45 14
12 33 63
11 29 39
11 33 97
20 49 32
16 21 45
14 21 34
28 41 29
24 28 88
37 53 41
17 22 85
19 24 82
3 34 26
3 51 13
51 53 16
17 42 61
10 14 58
10 49 2
9 52 88
11 16 72
8 19 44
18 46 85
34 57 98
1 21 86
1 7 71
9 42 85
31 47 73
11 27 22
44 52 80
47 56 66
18 41 94
11 50 98
17 34 20
2 31 27
5 14 98
11 14 38
32 45 29
46 50 10
6 42 99
32 37 95
15 34 4
23 25 42
2 27 100
13 53 41
23 52 26
9 32 61
24 49 85
8 32 15
11 38 32
20 36 90
3 34 5
47 52 54
2 32 47
5 18 19
10 36 48
1 28 60
11 18 11
43 57 96
16 17 67
35 52 73
3 36 83
6 34 43
3 31 15
31 37 64
6 38 49
25 33 62
20 21 78
19 50 2
47 34
5 17 100
5 34 30
10 36 93
10 37 100
34 36 65
14 37 48
5 22 58
9 10 33
7 27 27
10 13 78
36 43 11
7 32 95
14 32 2
14 23 50
2 38 58
2 38 26
4 32 65
2 28 52
7 23 1
13 37 9
21 40 76
1 25 22
42 46 10
6 32 25
15 41 90
30 47 37
1 35 19
16 35 40
20 25 43
16 45 75
17 31 91
9 25 52
1 24 58
41 43 62
