30
1
1
1
8
1 2 1 3 3 1 4 1
4 4 3 4 3 2 2 1
20
1 2 3 4 4 5 6 7 8 9 10 11 12 13 14 4 15 16 17 18
1 1 1 3 2 2 2 2 2 2 2 2 2 2 2 1 1 1 1 1
11
1 2 2 3 4 5 6 2 7 8 9
1 3 2 2 2 2 2 1 1 1 1
7
1 1 1 1 2 2 2
5 4 3 1 3 2 1
20
1 1 1 2 3 4 3 5 3 4 3 4 5 3 4 4 5 6 7 5
7 2 1 1 6 6 5 5 3 4 2 3 3 1 2 1 2 2 2 1
6
1 1 2 3 4 4
3 1 1 1 2 1
20
1 2 2 3 1 2 2 3 2 4 3 4 4 5 4 5 4 5 6 7
2 5 4 6 1 3 2 5 1 5 1 4 3 3 2 2 1 1 1 1
20
1 2 3 3 4 5 6 7 8 9 3 10 11 12 13 14 15 16 17 18
1 1 3 2 2 2 2 2 2 2 1 1 1 1 1 1 1 1 1 1
20
1 1 1 1 1 1 1 1 1 1 1 1 1 1 1 1 1 1 1 1
20 19 18 17 16 15 14 13 12 11 10 9 8 7 6 5 4 3 2 1
18
1 2 3 4 5 6 7 8 9 10 11 12 12 9 8 8 6 3
1 1 2 2 2 3 3 5 6 6 6 7 6 5 4 3 2 1
20
1 2 3 4 5 6 7 8 8 9 8 10 11 12 13 14 15 16 17 18
1 1 1 1 1 1 1 3 2 2 1 1 1 1 1 1 1 1 1 1
8
1 1 1 1 1 2 3 4
5 4 3 2 1 1 1 1
17
1 1 1 1 1 1 1 1 2 3 4 5 6 7 8 9 10
8 7 6 5 4 3 2 1 1 1 1 1 1 1 1 1 1
20
1 2 3 4 5 6 7 7 8 9 10 11 12 13 7 14 15 16 17 18
1 1 1 1 1 1 3 2 2 2 2 2 2 2 1 1 1 1 1 1
20
1 2 2 3 4 4 1 2 4 2 2 5 6 2 3 4 5 2 6 6
5 8 6 6 7 6 1 5 5 4 3 3 3 2 2 2 2 1 2 1
20
1 2 3 4 5 6 7 8 9 10 2 3 4 5 7 8 9 10 11 12
1 2 2 2 2 2 2 2 2 2 1 1 1 1 1 1 1 1 1 1
15
1 1 1 1 1 1 1 1 2 3 4 5 6 7 8
8 7 6 5 4 3 2 1 1 1 1 1 1 1 1
20
1 2 3 4 1 1 1 1 1 1 2 3 4 5 6 6 6 6 6 6
7 7 7 7 6 5 4 3 2 1 1 1 1 1 6 5 4 3 2 1
10
1 1 2 3 3 4 5 1 4 2
3 2 2 3 2 3 3 1 2 1
13
1 1 1 1 1 2 3 4 5 6 7 8 9
5 4 3 2 1 1 1 1 1 1 1 1 1
20
1 2 2 3 4 5 6 7 2 8 9 10 11 12 13 14 15 16 17 18
1 3 2 2 2 2 2 2 1 1 1 1 1 1 1 1 1 1 1 1
20
1 2 3 4 5 6 7 8 9 1 2 4 5 6 7 8 9 10 11 12
2 2 2 2 2 2 2 2 2 1 1 1 1 1 1 1 1 1 1 1
14
1 2 3 4 5 6 6 7 8 9 10 11 12 6
1 1 1 1 1 3 2 2 2 2 2 2 2 1
20
1 2 3 4 5 6 1 1 1 1 1 1 1 2 3 4 6 6 5 5
8 8 8 8 8 8 7 6 5 4 3 2 1 1 1 1 4 3 2 1
20
1 1 2 1 3 4 5 6 7 8 9 10 11 12 13 14 15 16 17 18
3 2 2 1 1 1 1 1 1 1 1 1 1 1 1 1 1 1 1 1
19
1 2 3 4 5 6 1 1 1 1 1 1 1 1 2 7 5 5 3
9 9 9 9 9 9 8 7 6 5 4 3 2 1 1 4 3 2 1
20
1 2 3 4 5 6 7 8 9 9 10 11 12 13 14 15 9 16 17 18
1 1 1 1 1 1 1 1 3 2 2 2 2 2 2 2 1 1 1 1
20
1 2 3 4 5 6 7 8 9 10 11 12 13 5 8 9 10 12 13 14
1 1 1 1 2 2 2 2 2 2 2 2 2 1 1 1 1 1 1 1
20
1 2 3 4 5 6 7 8 9 10 11 1 2 3 4 5 6 7 9 10
2 2 2 2 2 2 2 2 2 2 2 1 1 1 1 1 1 1 1 1
