50 10
93 534 416 597 281 851 620 515 134 651 907 362 513 74 223 768 287 249 149 773 743 971 284 550 704 809 863 173 190 382 949 243 303 85 431 489 259 906 657 531 355 478 4 30 385 391 883 468 25 655 
636 748 781 891 186 23 902 935 738 2 555 289 459 126 587 420 369 286 623 22 835 209 309 163 819 814 485 595 902 72 168 177 653 538 355 454 595 20 590 982 633 143 345 57 286 302 897 876 738 365 
959 256 795 829 890 131 193 537 919 647 297 36 230 393 606 180 143 954 493 923 412 731 617 107 841 268 171 105 577 613 926 741 547 345 602 81 773 872 703 48 183 28 509 154 731 710 25 589 67 449 
585 124 699 238 636 406 153 859 45 953 723 687 967 895 921 871 998 459 35 798 754 314 867 528 119 559 901 767 251 82 894 362 696 657 91 626 603 506 860 215 491 671 441 291 630 259 163 485 696 412 
509 831 165 696 860 524 809 861 118 638 574 373 224 4 399 127 635 940 563 828 23 102 844 48 8 775 48 223 200 431 448 946 269 493 719 882 212 377 308 77 838 994 20 502 818 66 705 793 76 446 
439 886 539 337 625 958 689 228 232 805 256 544 261 848 328 460 799 143 528 221 94 28 459 971 672 324 227 152 660 541 548 390 118 521 2 185 779 377 989 107 925 278 484 639 729 844 96 96 678 161 
250 618 672 11 759 904 798 928 835 921 569 499 172 222 623 922 793 525 231 88 123 26 470 568 827 844 961 95 980 814 212 21 209 503 898 500 130 500 630 122 187 244 89 972 846 757 796 924 307 765 
632 884 987 338 852 530 597 638 560 607 996 926 664 972 565 195 843 5 834 620 765 136 386 305 857 999 175 738 899 764 548 681 749 197 23 461 328 280 195 720 245 800 313 115 804 56 488 313 549 223 
121 633 141 61 600 408 540 933 681 110 300 612 55 168 101 497 611 575 679 814 651 95 183 286 433 754 230 895 990 69 862 713 15 203 271 847 158 73 153 766 659 723 874 660 293 573 178 747 763 707 
404 525 991 124 103 762 846 956 183 113 386 34 583 44 714 762 425 727 715 596 695 457 885 45 321 987 818 548 969 929 717 936 430 367 472 384 550 567 584 898 408 520 917 992 168 656 812 351 300 645 
686 697 654 583 512 823 523 298 953 104 725 107 392 541 820 410 602 528 354 536 622 450 710 345 147 804 289 27 900 296 175 647 259 241 409 55 75 864 793 857 482 465 45 451 487 637 223 831 977 513 
531 824 312 989 75 750 175 921 105 951 946 895 508 15 565 706 316 826 446 440 344 815 212 933 48 399 408 796 175 749 962 886 523 688 623 956 456 383 561 7 666 557 0 739 186 982 824 102 402 336 
250 22 267 716 15 396 807 471 242 565 851 444 526 89 985 422 929 485 403 315 352 804 2 546 818 419 767 201 329 572 801 816 118 453 617 898 460 729 818 524 392 784 166 454 31 243 4 811 233 163 
645 243 732 409 633 96 308 728 150 257 673 843 66 42 394 498 817 46 138 577 25 453 127 59 396 737 698 546 245 965 532 554 574 655 510 599 202 328 916 292 734 225 378 861 406 200 47 839 645 27 
240 13 627 699 705 431 158 645 977 552 324 238 971 428 486 158 820 996 329 95 34 427 519 828 521 649 778 207 740 210 995 574 353 487 178 342 694 773 111 19 83 260 745 927 776 923 29 537 809 290 
896 566 502 192 912 190 15 582 328 65 889 244 939 889 387 595 748 965 300 419 507 891 952 517 995 525 344 100 970 679 466 535 136 783 705 474 755 222 398 950 161 110 383 942 216 125 727 932 75 409 
180 442 709 915 889 757 587 378 988 527 717 168 81 605 798 824 202 625 325 954 299 960 523 485 588 534 998 391 139 992 236 305 72 211 580 775 357 628 618 934 870 71 649 382 869 355 70 490 178 373 
937 348 647 564 223 111 786 917 31 657 456 857 498 62 581 556 583 570 844 319 397 448 19 288 274 510 374 720 404 372 279 270 478 389 300 234 421 316 569 124 331 451 672 590 244 32 14 295 303 977 
207 681 30 416 452 13 210 746 669 222 746 142 906 532 899 946 903 754 492 395 703 346 746 652 800 31 145 533 599 387 676 144 157 706 743 512 195 142 346 3 289 597 465 578 933 208 738 462 650 741 
837 724 870 510 299 604 225 675 826 431 20 599 45 848 38 768 972 142 981 729 168 78 26 890 838 493 173 344 953 390 276 105 209 321 598 147 448 605 493 165 31 999 35 998 724 123 131 540 591 739 
459 335 501 701 273 272 708 713 428 653 608 44 653 951 342 703 53 709 783 141 401 522 24 10 276 108 927 959 635 758 48 525 590 889 209 624 813 359 498 7 506 216 506 993 742 760 478 649 566 872 
537 92 350 586 20 18 358 892 671 668 974 46 278 503 277 477 987 950 758 612 615 340 621 807 347 226 365 626 286 189 926 752 911 131 437 184 661 984 677 213 781 892 341 14 804 79 281 101 885 961 
284 778 724 762 742 171 405 896 644 230 536 971 606 208 238 746 781 913 497 905 564 327 910 157 414 810 894 934 361 816 837 806 961 889 610 961 311 885 993 413 627 5 45 980 856 464 906 904 511 511 
640 254 270 226 356 614 707 172 614 987 188 573 420 102 450 751 807 128 781 756 484 303 385 621 915 472 169 134 719 910 602 8 557 217 356 39 384 747 892 53 308 103 749 998 178 187 657 774 516 712 
449 255 665 558 589 176 202 13 418 106 358 531 630 557 924 944 90 747 392 616 735 19 144 649 202 570 790 819 332 196 512 952 997 224 55 660 74 445 853 279 21 567 242 24 28 527 392 612 68 90 
885 215 766 456 241 538 386 40 42 918 293 842 524 864 974 734 773 206 694 283 560 514 638 698 920 300 90 364 415 188 647 553 639 328 977 427 841 18 224 531 220 126 284 290 705 643 863 465 525 439 
440 900 741 671 777 116 512 664 642 334 402 416 637 522 725 89 382 380 934 448 506 783 213 40 839 656 117 212 68 921 436 309 395 951 701 416 324 271 948 980 204 452 881 682 853 284 873 46 776 59 
233 124 7 583 781 654 792 414 384 46 984 502 973 856 733 404 725 147 39 839 218 231 319 277 668 176 55 54 929 147 564 272 338 824 50 11 956 681 207 22 484 26 11 744 639 218 174 596 537 521 
898 702 955 25 130 491 530 562 452 17 846 505 915 715 833 521 592 840 601 22 403 244 607 533 260 111 1 344 982 156 429 753 422 573 295 532 408 221 589 217 28 190 617 258 231 301 270 986 60 834 
685 974 995 667 970 729 755 35 36 652 485 839 883 299 306 627 438 573 15 907 251 716 245 52 63 659 933 19 704 9 499 662 985 628 602 858 142 183 65 317 921 814 477 381 804 561 871 720 8 543 
878 109 644 948 176 50 114 663 742 912 216 926 478 37 570 419 789 1 672 964 468 147 733 389 771 60 310 672 203 692 908 543 320 835 251 745 279 467 739 476 843 772 470 483 575 736 636 432 975 505 
371 457 158 758 427 329 480 277 241 82 0 350 523 840 986 941 68 370 343 275 968 426 675 237 650 389 538 461 259 686 885 215 166 920 871 679 922 148 949 881 864 879 342 105 437 952 767 44 530 881 
681 421 241 770 46 460 659 206 570 653 393 833 312 798 968 343 286 132 737 708 241 30 887 119 947 58 834 287 932 430 875 123 382 217 201 789 390 651 59 598 184 354 727 312 978 366 123 47 708 792 
569 569 324 773 280 472 681 513 769 182 282 436 527 721 405 133 156 416 696 790 320 268 529 296 83 449 624 877 548 71 439 311 314 13 256 72 363 181 24 145 572 998 546 383 105 477 944 90 469 389 
557 215 11 160 742 417 389 735 595 876 118 768 696 83 468 741 721 731 976 292 630 319 169 443 779 669 669 693 347 760 386 459 958 711 748 932 968 255 79 680 396 124 360 665 241 798 415 100 348 625 
678 629 764 836 593 929 797 279 541 913 649 783 795 235 442 909 898 206 294 38 415 684 90 692 249 259 775 140 122 71 444 993 920 426 844 633 380 119 418 414 394 627 730 96 91 117 562 273 31 863 
256 505 70 772 37 539 554 357 915 232 502 800 780 658 362 649 155 572 433 332 943 352 650 824 109 633 494 624 484 795 289 574 935 687 453 65 526 771 859 409 359 561 899 991 124 895 871 291 612 199 
761 512 509 959 221 42 985 299 638 436 906 658 1 323 586 312 802 264 172 874 36 132 976 775 793 932 266 588 884 598 892 808 413 164 949 314 678 690 641 296 356 795 220 961 384 736 90 325 246 947 
119 154 140 256 551 562 535 605 831 676 28 437 356 897 731 912 350 577 497 213 763 820 382 290 144 109 171 403 557 883 496 633 209 898 189 453 181 602 983 21 837 79 350 238 605 329 181 251 113 972 
488 300 487 505 556 675 392 167 284 764 316 117 673 235 302 938 573 594 137 343 823 74 626 563 345 474 486 127 112 622 716 323 276 353 726 585 456 495 675 575 836 132 937 291 170 225 578 938 494 112 
140 201 384 284 837 945 766 927 991 821 286 320 937 805 466 738 102 520 25 411 962 693 849 322 697 523 672 426 290 930 117 694 221 657 266 965 809 561 22 489 425 2 896 738 248 813 406 312 634 386 
310 16 283 393 908 927 326 510 814 822 456 762 868 341 516 885 365 619 899 755 662 316 35 494 804 851 143 48 708 794 495 75 400 393 369 68 181 715 328 941 659 423 92 267 292 925 162 279 465 783 
301 760 104 649 749 320 211 332 719 567 478 609 614 382 215 809 737 884 819 725 149 270 638 658 468 122 683 357 917 678 469 471 902 791 278 66 272 571 53 573 466 410 941 125 929 3 491 877 686 379 
231 469 918 155 128 585 922 290 826 325 295 425 922 861 79 71 931 949 483 564 401 925 429 393 534 980 852 23 619 609 588 152 714 941 541 83 633 517 485 19 626 391 48 930 872 618 287 426 948 635 
13 588 200 828 490 988 492 56 411 805 168 486 118 922 242 563 399 237 633 955 982 563 432 920 175 63 431 827 294 814 318 323 202 532 131 52 689 580 630 178 244 5 371 710 413 859 832 88 502 484 
871 261 299 836 926 522 51 666 886 970 932 245 449 685 397 673 704 483 856 400 515 135 399 741 130 135 629 210 700 986 17 204 437 123 719 893 837 749 903 178 495 552 962 710 175 571 42 279 320 114 
656 31 204 569 836 102 685 545 762 806 621 811 632 216 713 44 383 941 643 120 57 199 112 730 703 281 774 331 38 596 499 647 915 739 874 456 365 545 783 982 194 2 421 292 44 703 437 241 677 950 
81 468 128 833 2 289 771 613 551 629 507 839 632 645 246 402 682 811 662 916 300 603 404 386 209 587 356 777 998 497 528 255 775 265 439 16 861 807 479 581 931 234 880 58 849 226 579 431 992 140 
395 336 454 34 634 441 588 471 424 518 895 364 768 775 796 486 323 148 824 514 162 902 551 721 461 995 411 166 385 366 968 504 2 991 965 851 357 631 277 60 577 374 127 348 86 952 954 132 671 6 
596 34 756 344 310 907 771 363 689 866 968 338 268 744 867 757 153 589 65 961 979 270 622 953 829 839 729 465 791 458 904 188 154 249 822 430 223 784 410 476 554 983 561 922 365 110 231 965 226 586 
