40 40
1000000000000000000000000000000000000000
*111111111111111111111111111111111111111
###1###################################*
1111111111111111111111111111111111111111
1####1##################################
1111111111111111111111111111111111111111
########1##############################*
1111111111111111111111111111111111111111
1#########1#############################
1111111111111111111111111111111111111111
############1##########################*
1111111111111111111111111111111111111111
11############1#########################
1111111111111111111111111111111111111111
*###############1######################1
1111111111111111111111111111111111111111
########################################
1111111111111111111111111111111111111111
1111111111111111111111111111111111111111
1111111111111111111111111111111111111111
1111111111111111111111111111111111111111
1111111111111111111111111111111111111111
1111111111111111111111111111111111111111
1111111111111111111111111111111111111111
1111111111111111111111111111111111111111
1111111111111111111111111111111111111111
1111111111111111111111111111111111111111
1111111111111111111111111111111111111111
1111111111111111111111111111111111111111
1111111111111111111111111111111111111111
1111111111111111111111111111111111111111
1111111111111111111111111111111111111111
1111111111111111111111111111111111111111
1111111111111111111111111111111111111111
1111111111111111111111111111111111111111
1111111111111111111111111111111111111111
1111111111111111111111111111111111111111
1111111111111111111111111111111111111111
1111111111111111111111111111111111111111
1234567898765432123456789876543212345678
35 35
3 0
7 0
11 0
1 0
