10
3 3 2
1 3 1 1
3 2 1 1
1 2 1 2
1 2
20 20 10
13 17 616854 761667
14 10 119351 943382
8 11 928680 994056
10 11 145278 651828
16 11 27378 898457
19 20 27147 535692
18 13 684970 994440
11 8 773458 945250
7 11 71668 758877
6 7 398785 683031
11 9 763096 965601
6 7 11763 130910
10 6 307037 667750
3 5 164179 988436
17 2 874958 992548
8 11 862397 942856
1 14 329573 875034
14 5 39524 845460
12 16 298882 909411
8 18 191761 827956
17 2 13 10 9 8 20 7 1 15
5 10 3
4 5 672151 751137
5 1 264820 787027
4 3 443515 519644
1 4 952571 955946
3 5 408934 951916
3 3 989109 989433
1 4 405684 420275
2 4 496102 563995
5 4 499134 654404
3 2 932898 942799
4 3 10
20 20 6
5 2 377179 938725
17 14 371502 532456
17 3 257686 819785
2 2 38010 918719
1 17 35376 808893
19 9 401793 740720
16 16 20180 833657
15 12 25020 867525
1 11 698773 777733
16 5 304910 773405
12 12 296524 846048
7 14 223046 975459
16 15 506353 997450
17 16 598597 726363
17 3 33904 172252
3 16 16972 701694
2 2 3305 985498
8 2 827223 980320
13 3 383324 984494
10 10 137710 995670
5 15 16 7 10 1
4 5 3
1 2 100 1000
1 3 500 5000
3 2 400 600
3 4 500 5000
4 2 1 10000
2 4 5
20 20 6
3 12 250604 310267
3 2 805310 949985
18 7 105261 707094
2 1 70429 995613
7 3 102285 821720
3 11 90538 103019
19 20 744122 908919
15 15 432529 745160
11 3 209144 210563
4 7 245050 762267
15 15 87029 327481
8 2 165649 886864
13 14 83855 480507
7 11 165491 531239
10 18 882360 946239
19 16 468133 932467
1 18 80062 548409
11 3 393271 436577
19 3 58596 516567
20 2 709762 712361
17 3 5 6 9 2
2 1 1
1 2 5 1000000
1
5 6 3
1 3 1 1
4 2 1 9
1 4 1 1
3 5 2 2
5 2 2 2
3 4 1 2
1 6 2
6 8 4
4 2 10 20
5 2 6 15
6 2 1 1
2 6 1 1
1 4 10 20
1 3 3 15
3 2 4 5
1 5 2 5
5 1 4 3
5 10 4
1 3 126981 344382
5 4 16380 50561
4 3 6644 659939
1 5 32199 441746
2 5 94974 860387
2 2 652205 897100
4 3 635628 916411
3 2 76386 710442
4 3 34422 794267
3 2 37436 474444
4 2 9 8
