10
20 20 6
15 1 22048 157983
12 2 533858 733476
4 14 210071 475189
3 14 404817 487885
17 12 27439 89665
6 12 471082 618813
20 12 212984 885901
11 12 431137 569092
1 3 288506 756923
20 20 928040 982617
14 4 661976 841797
4 12 128211 247707
13 11 72605 753352
3 8 12633 675647
18 1 639159 710853
11 5 754358 887683
3 5 625301 731987
13 4 482831 509748
17 13 112801 383670
5 20 143186 256602
9 17 20 10 7 2
5 6 3
1 3 1 1
4 2 1 9
1 4 1 1
3 5 2 2
5 2 2 2
3 4 1 2
1 6 2
5 10 4
5 2 670748 893383
3 2 106200 738187
5 5 93285 748922
1 4 46024 524380
4 5 221212 912565
5 3 21142 250645
2 1 643917 724724
3 1 304340 801700
1 1 85990 958703
1 4 528458 579501
4 5 6 2
6 8 4
5 2 10 20
3 2 6 15
1 3 2 5
2 4 1 1
1 6 3 15
6 2 4 5
1 5 10 20
4 2 1 1
7 1 4 8
5 10 3
3 3 616211 915447
1 4 522808 728723
2 4 634328 670918
5 1 133016 592308
4 3 816575 847986
1 2 209877 419417
3 2 465958 587082
4 3 489807 714500
4 5 223082 815459
2 1 221033 415177
2 8 7
20 20 10
3 17 28426 600250
10 8 147176 797555
9 8 90779 638657
12 9 487686 623866
8 5 425237 855924
19 19 471984 956393
10 5 203955 422126
10 12 669013 871087
4 18 36302 830494
8 8 374943 846157
5 3 287150 990991
9 14 812960 997990
1 4 67761 280579
9 8 313328 319539
18 10 947621 966269
18 8 53995 378686
13 3 173397 845227
17 16 84968 824998
11 13 6278 64808
17 2 428442 800299
13 9 15 8 4 3 5 11 1 20
3 3 2
1 3 1 1
3 2 1 1
1 2 1 2
1 2
2 1 1
1 2 5 1000000
1
20 20 6
2 11 563165 664923
7 8 157221 302069
4 13 111732 867840
8 1 783136 958500
9 7 514940 522098
5 8 526212 601615
1 3 90693 335054
6 11 604689 777108
8 7 38990 176097
5 9 321204 402337
12 5 4529 451466
8 2 204894 251361
20 17 53301 373161
3 5 561506 884336
10 17 190078 662240
13 18 127583 254751
20 2 348828 901982
12 10 467496 910780
19 11 27423 867779
16 2 65309 171446
7 14 6 9 2 12
4 5 3
1 2 100 1000
1 3 500 5000
3 2 400 600
3 4 500 5000
4 2 1 10000
2 4 5
