100
3 8
5 6 9 4 8 2 1 7
3 1
2
3 100
2 4 8 16 32 64 128 256 512 1024 2048 4096 8192 16384 32768 65536 131072 262144 524288 1000000 1000000 1000000 1000000 1000000 1000000 1000000 1000000 1000000 1000000 1000000 1000000 1000000 1000000 1000000 1000000 1000000 1000000 1000000 1000000 1000000 1000000 1000000 1000000 1000000 1000000 1000000 1000000 1000000 1000000 1000000 1000000 1000000 1000000 1000000 1000000 1000000 1000000 1000000 1000000 1000000 1000000 1000000 1000000 1000000 1000000 1000000 1000000 1000000 1000000 1000000 1000000 1000000 1000000 1000000 1000000 1000000 1000000 1000000 1000000 1000000 1000000 1000000 1000000 1000000 1000000 1000000 1000000 1000000 1000000 1000000 1000000 1000000 1000000 1000000 1000000 1000000 1000000 1000000 1000000 1000000
3 100
1 4 4 4 4 4 4 4 4 4 4 4 4 4 4 4 4 4 4 4 4 4 4 4 4 4 4 4 4 4 4 4 4 4 4 4 4 4 4 4 4 4 4 4 4 4 4 4 4 4 4 4 4 4 4 4 4 4 4 4 4 4 4 4 4 4 4 4 4 4 4 4 4 4 4 4 4 4 4 4 4 4 4 4 4 4 4 4 4 4 4 4 4 4 4 4 4 4 4 4
1000000 1
1000000
2 20
1000000 1000000 1000000 1000000 1000000 1000000 1000000 1000000 1000000 1000000 1000000 1000000 1000000 1000000 1000000 1000000 1000000 1000000 1000000 1000000
3 5
11 20 60 22 100
2 21
1000000 1000000 1000000 1000000 1000000 1000000 1000000 1000000 1000000 1000000 1000000 1000000 1000000 1000000 1000000 1000000 1000000 1000000 1000000 1000000 1000000
2 100
1000000 1000000 1000000 1000000 1000000 1000000 1000000 1000000 1000000 1000000 1000000 1000000 1000000 1000000 1000000 1000000 1000000 1000000 1000000 1000000 1000000 1000000 1000000 1000000 1000000 1000000 1000000 1000000 1000000 1000000 1000000 1000000 1000000 1000000 1000000 1000000 1000000 1000000 1000000 1000000 1000000 1000000 1000000 1000000 1000000 1000000 1000000 1000000 1000000 1000000 1000000 1000000 1000000 1000000 1000000 1000000 1000000 1000000 1000000 1000000 1000000 1000000 1000000 1000000 1000000 1000000 1000000 1000000 1000000 1000000 1000000 1000000 1000000 1000000 1000000 1000000 1000000 1000000 1000000 1000000 1000000 1000000 1000000 1000000 1000000 1000000 1000000 1000000 1000000 1000000 1000000 1000000 1000000 1000000 1000000 1000000 1000000 1000000 1000000 1000000
3 5
27 729 9 243 81
2 19
1000000 1000000 1000000 1000000 1000000 1000000 1000000 1000000 1000000 1000000 1000000 1000000 1000000 1000000 1000000 1000000 1000000 1000000 1000000
1 100
2 2 2 2 2 2 2 2 2 2 2 2 2 2 2 2 2 2 2 2 2 2 2 2 2 2 2 2 2 2 2 2 2 2 2 2 2 2 2 2 2 2 2 2 2 2 2 2 2 2 2 2 2 2 2 2 2 2 2 2 2 2 2 2 2 2 2 2 2 2 2 2 2 2 2 2 2 2 2 2 2 2 2 2 2 2 2 2 2 2 2 2 2 2 2 2 2 2 2 2
1 100
1000000 1000000 1000000 1000000 1000000 1000000 1000000 1000000 1000000 1000000 1000000 1000000 1000000 1000000 1000000 1000000 1000000 1000000 1000000 1000000 1000000 1000000 1000000 1000000 1000000 1000000 1000000 1000000 1000000 1000000 1000000 1000000 1000000 1000000 1000000 1000000 1000000 1000000 1000000 1000000 1000000 1000000 1000000 1000000 1000000 1000000 1000000 1000000 1000000 1000000 1000000 1000000 1000000 1000000 1000000 1000000 1000000 1000000 1000000 1000000 1000000 1000000 1000000 1000000 1000000 1000000 1000000 1000000 1000000 1000000 1000000 1000000 1000000 1000000 1000000 1000000 1000000 1000000 1000000 1000000 1000000 1000000 1000000 1000000 1000000 1000000 1000000 1000000 1000000 1000000 1000000 1000000 1000000 1000000 1000000 1000000 1000000 1000000 1000000 1000000
3 4
1 6 12 49
2 6
9 64 19 16 81 80
93379 63
13729 226461 636826 65372 131541 953153 282976 5037 68360 29029 297908 25557 129298 134145 48747 921336 631424 17778 258393 335699 22095 114834 371513 270154 263073 26490 671899 171146 66320 56922 514687 908574 5573 716216 65341 815366 730594 493300 206067 919702 97397 870550 123939 626930 566604 8058 178527 256515 355100 49346 123283 137461 470174 49787 368610 14521 625482 359443 116751 103332 500858 370178 11132
4960 59
80337 401872 119102 929433 194296 366870 464905 470205 211450 42583 176640 494237 6067 512662 289602 80316 71035 488953 803049 37158 410983 893989 463255 228193 738278 954972 189659 153376 86357 87154 171462 211483 672 128206 930528 210521 230997 322389 330452 2668 77814 179078 882045 574805 904929 6230 318818 402410 7180 728783 79634 50690 108197 818106 923153 52040 128835 397987 487468
31128 32
66564 300691 165962 3566 711746 1718 950159 124104 292711 227239 194134 374453 486048 198198 71005 230833 420134 411881 371831 77079 795145 547078 248579 5778 930489 806492 413794 706595 397910 602756 212098 99248
5 25
706991 241684 421436 442038 552672 71713 13315 609103 19350 71602 630479 618121 8932 640636 559013 54112 894528 5211 838822 3295 375378 74892 18033 537786 17074
8615 75
517946 5954 486166 28241 185736 228977 141093 483780 205044 352250 168648 742294 959619 9455 934509 343687 48868 59908 765226 478394 460796 389283 850184 548096 322798 322096 723194 475668 479398 67836 329642 379568 553821 376621 802856 34028 601732 167 374430 50417 372375 33361 74150 968507 558455 409439 243037 162022 487205 401353 453907 715742 22377 33059 204071 98562 778321 372336 764362 686980 185420 239183 323917 311829 25520 342440 242468 23 425564 945094 468816 686462 285924 147079 221320
10089 98
797273 801119 475743 73510 641399 852410 10379 49163 103350 104454 138896 3306 586061 547953 251933 657903 948736 507432 393021 927238 92401 763034 124163 7651 176314 561303 282267 276063 787194 518407 183989 974169 100106 819954 792356 231446 767257 500060 8830 808378 9238 68226 978836 225639 534760 8836 828364 434740 973460 184952 667 129872 465692 563075 3298 87776 338894 857015 28848 123220 46290 331925 41524 50 339477 448244 811051 65373 939983 339 522361 749066 987441 59968 17922 66134 106760 505857 153092 444215 989965 2 4578 363846 267811 930875 534 507536 786406 890377 625309 1853 174179 100942 80832 429558 99231 231743
116713 76
490573 478050 172300 778300 300462 446169 50992 633431 157393 283818 17844 748576 28325 625589 3241 129438 223359 318416 60117 583097 299802 922216 768421 43913 469734 327062 851978 89052 29367 611428 292548 4047 969974 40300 11764 4337 200605 245432 14339 104379 97382 563309 188485 837422 6312 418199 461131 108758 49097 114744 199472 3596 3462 206248 292317 465817 328258 23064 11922 149138 253837 469251 115331 881709 320391 115636 17347 960929 16864 192957 526508 278855 2 4671 732122 75828
12256 55
272523 74468 247544 175864 980250 472582 214770 449604 587280 582777 766704 10849 2006 120452 42349 621664 261823 268723 394215 429451 369168 297408 909344 611076 291886 78157 363333 494 45696 22462 76876 183676 88320 411747 190046 125302 366297 851360 141709 900634 1987 202589 533720 158755 702236 108776 94926 27960 275815 257088 187479 165973 933906 301818 177304
259 26
805611 866052 32850 128773 3133 917451 562522 28337 134802 645181 315800 48177 554330 165688 400210 209116 251765 683438 175854 317478 937268 764361 890522 2749 186295 593330
610 58
41294 28943 9 760844 77322 483 466963 375732 212635 18851 4548 192873 291840 923273 945645 20875 966312 23701 25986 2236 103435 11905 5169 471011 5270 936634 476634 324094 934013 146646 122239 226098 200955 209411 962 482590 307891 466905 636148 381600 474244 80030 546835 72777 897139 117538 960082 151725 8115 447019 1953 425 843871 66113 567187 533317 693410 117857
36498 96
417776 718112 782309 523506 39751 23150 685957 618052 516511 79435 11496 463490 226242 11738 16495 35691 477562 16028 139412 948373 705457 116531 626812 250563 246568 54504 737359 611844 426050 700356 292442 25898 182533 939841 545072 855035 668671 715292 156119 273522 882486 145853 722 701365 635554 669390 18145 801194 210137 3877 174579 415514 239846 530725 646034 325967 6491 248240 723645 241825 198616 637181 270763 339576 655539 202085 801261 5007 707431 971695 807586 109613 316169 187214 85559 479408 509654 806315 263224 10690 61797 451631 8169 659193 87032 122002 6696 706477 7026 583492 842281 186951 14368 140584 81683 4485
79426 62
879058 768928 532933 106593 574695 122693 537915 104709 268789 693045 344432 60229 231408 14525 534706 54224 741748 568713 349964 39 238063 163141 34016 76 323978 413692 823174 307269 11330 167348 78510 50251 332313 968258 389917 596261 100566 907675 983044 8525 608569 4221 74479 498432 699982 236824 425797 724737 784755 41485 225 366101 635601 677582 265252 399233 20678 248918 428201 580335 949524 763470
231215 25
7077 991536 46227 40130 71905 474260 295012 276792 483276 87906 231615 29038 881534 890355 971646 675806 617558 786418 651598 1681 4936 785479 573812 27341 2117
96380 68
104686 565299 287533 69086 28074 303495 631355 27320 667024 104278 476126 4897 601283 923495 23314 481800 945451 55226 440046 16793 16609 880458 214504 791 335044 749382 207626 216942 474357 780623 439501 504387 183033 523520 83229 467763 172220 425798 424142 590444 819145 799746 531959 377994 29592 638070 584122 896344 418270 340927 188859 33485 743848 321952 15711 238517 3623 465328 411185 769719 684232 445466 296902 66364 32994 469794 191392 815942
72872 98
16752 326428 293574 965384 858243 397907 628695 7391 33754 48114 161484 813097 43733 325783 19256 726110 288192 483995 781594 961729 131728 28789 35772 218526 254999 329135 137420 636934 159645 979689 377388 52201 354151 87217 26605 509871 721151 70814 56072 540798 448643 571892 133275 215099 253726 216134 90455 103569 681877 118735 321404 142157 847386 168292 434825 657470 193 23677 493829 501698 379199 594482 27409 24408 100442 548659 563911 515337 77717 91330 30471 166776 260122 228865 766890 679048 775678 70304 313641 257013 36635 426281 588045 24209 62343 298364 19160 405075 89722 75647 147005 637657 590952 5318 71283 155852 913677 649005
20136 32
114913 27978 632109 24067 341352 182627 14623 195898 790317 341609 120343 185568 422496 583208 453764 13748 641796 589245 2616 369539 30226 21757 4663 199181 92861 673920 178631 419838 552735 91370 67359 53824
23724 82
514346 20240 188698 658512 487527 373616 217358 777377 713146 220292 115651 282538 341938 420910 277386 407161 317396 236 6166 55854 3009 60947 810471 222330 728086 921164 905762 424540 260494 525347 14478 18284 70525 4356 3470 334505 90633 194361 92550 9091 814309 323475 20760 2981 447761 549061 903752 68437 483047 403603 6620 640497 27650 260108 770698 259710 106128 909694 586937 278 60755 587679 357990 787958 682017 441 103284 415975 936756 715020 613 1140 465399 24847 56811 66570 698583 339956 7451 319943 30322 672744
163975 81
232879 234285 567592 84812 616085 542383 233945 173674 655811 14184 21093 3415 238136 814506 1116 884000 19259 525638 133387 524807 1438 409 330883 768 514694 901816 118601 211524 176 101 16540 5239 12989 29556 8268 752671 348554 687000 13640 298570 503809 5517 336062 327021 3432 34608 523305 252732 59 122483 2764 57944 216463 706260 871210 287804 41600 998233 234548 567186 2515 126989 2927 3364 26577 206367 111114 959229 363547 473838 3062 499794 487957 572053 66950 148154 727640 643371 862280 412513 411055
33672 96
129908 925896 575774 44727 561084 208417 44262 1272 918362 114245 852107 652837 406543 199472 873029 185099 786157 663457 602569 593054 80300 141069 68441 868468 364623 43191 76813 249500 88068 798080 945757 429655 918969 563798 308108 60670 971248 616074 595282 405126 287190 3062 818745 58127 728162 278546 741858 221276 530189 22390 80415 498917 118026 231484 305813 764364 282521 426989 671120 12568 166363 162787 327562 239702 801622 199181 58001 55083 88346 356795 1637 959838 327698 674 333226 652638 177348 937270 79442 756624 736940 104177 73759 61752 245765 25218 38657 3211 33500 631213 789638 164117 984097 79640 928088 818488
6260 28
4523 18959 222756 11244 689682 97695 611583 424202 43655 345662 54117 110116 78940 177153 838607 603453 837657 96374 106159 185073 838748 44549 920363 866008 65420 531817 953500 561579
92116 40
327524 315728 442474 64916 90603 537862 123137 653874 781790 2807 487125 34545 188227 746781 135440 677245 506793 1085 607271 89265 221434 660449 378 225068 75212 608480 278266 49365 106784 79163 82254 58199 12267 137542 6385 297414 596452 254600 423009 904468
14292 16
219991 861706 766843 564606 142087 15822 61960 372374 443826 611618 111 330778 621784 330100 31916 119539
1093 70
198 38074 939388 18649 365664 31361 977307 564665 7876 45791 400659 402109 603857 40897 973987 310105 632341 836581 158 83326 237508 653761 1134 55330 601473 87530 164907 242843 757760 24056 95940 241356 89406 128 3313 24851 833573 426951 227707 404586 24895 380283 355296 691848 555112 381759 412 467836 2205 64815 295771 375544 48453 626660 67514 33 562652 738558 799198 4774 67458 509945 41142 2548 699 85850 682910 340895 213640 842229
3996 47
402157 327905 23778 49334 897722 72058 266222 262458 127031 133824 864209 243845 567457 168 376379 277942 13585 413888 34552 680951 43134 573209 10462 756640 206772 49061 776514 13771 85672 206174 883355 70032 689375 932233 284 19307 576233 73589 566571 285971 463951 964672 109453 767018 76387 21751 774912
1310 97
937138 505974 161881 184383 386719 57145 15425 413379 570090 543018 186698 371082 336704 471235 958973 348595 105124 712455 522259 4022 997989 25097 154388 233101 42419 644848 315982 10798 15329 1715 287465 158248 128 199389 93983 46876 94765 484093 111218 29904 783072 222632 557644 29104 32499 22059 379659 664915 761751 6295 368264 512758 987785 653439 1806 11631 490453 806398 539344 4937 273764 308777 652809 789662 36040 148082 17604 237287 36260 26028 472429 214974 3212 45183 298237 962226 178692 937456 322781 5973 231758 462245 213499 122138 354990 52961 281761 12695 600637 268449 53433 581333 935238 268077 221648 631516 614908
59277 37
364427 1547 406058 15698 94118 768172 567255 907246 28851 20355 466383 294803 945545 345530 376753 619445 276207 778178 909936 455640 84367 597643 343501 11605 440751 575629 13071 146060 647852 19 621541 203424 446511 561418 794335 78692 392519
165466 22
66892 941414 515910 903067 39104 134553 434683 10365 182009 19023 37638 180003 226033 21894 68080 9099 194251 979782 318632 16591 409800 68554
204472 13
590117 809434 710783 68192 319532 736032 55726 47904 11640 36502 3147 907516 7791
204556 79
60769 445810 35272 255826 55914 12112 432388 654505 790629 321683 233688 751310 176008 243886 778904 854485 46223 234003 432461 586833 882179 442543 424904 796625 78031 333630 87036 142693 899 268164 708111 110995 894371 211246 59156 6390 491 315068 284140 260575 2152 13832 135994 39474 161130 233131 276980 567390 515329 45211 504247 722469 91106 208101 423907 6630 534420 427800 282725 598326 345959 411138 59841 4382 975601 417055 702998 47395 784482 30506 967897 392677 97609 560652 500885 14775 325872 236473 949514
165922 65
346550 39019 893275 989369 65247 294186 969 1208 326672 116316 13637 6540 173693 109147 619766 204630 215701 204748 617406 456922 88238 82495 9452 7812 513086 1228 88521 403975 154785 459427 120243 339858 52431 331423 749120 860412 641104 1160 85662 296220 26717 274951 744268 112422 624824 985421 369894 2205 163897 415467 19490 13415 111139 608580 11511 99316 128518 315040 896528 903208 186534 983578 5935 647542 466729
19061 89
243417 11050 875795 6456 126597 733807 235483 391043 592185 292894 351495 435830 682829 847715 35347 153638 186206 215 46272 105602 277807 884923 484055 69964 16657 97202 2428 397261 126517 44696 13341 28461 501142 407054 872878 469224 70014 170944 458942 11 40713 664211 4641 697455 583503 415803 296079 32738 717722 3406 8728 346496 556958 374073 75768 194869 153012 31923 492462 28563 415350 634939 338186 171536 82517 894769 916262 64432 459382 908371 120048 534568 803518 343744 238354 403687 100403 325375 10473 769394 113710 15348 374981 823512 824158 17789 1258 784112 825
20 93
79889 757542 3741 127606 154996 852413 160593 50542 93759 572117 445800 7 429060 671186 184735 139538 375446 387101 47743 674311 357161 838 483004 184416 51052 3483 866318 19829 941538 125932 179102 811702 853399 981975 271191 200472 511676 529944 317237 153203 891818 2526 999853 879911 317325 169858 36802 996856 284032 766359 675692 884726 16041 482096 664127 173591 829 336 279054 35281 923945 25539 1641 8645 396933 823924 15466 648602 232628 29948 1311 572191 252274 418642 423919 86847 127708 902728 240248 485563 25366 150059 244972 172106 485825 165529 9416 137514 440398 136963 47694 214017 319666
153774 10
878072 423424 312462 736541 641433 21961 502655 34121 34573 1712
36521 97
161750 34195 573992 530906 10600 325468 542183 84268 42664 47441 395789 1733 260122 7437 414648 64957 131893 361063 14996 690510 76264 50334 733319 507067 31877 429451 699272 493360 348158 12906 463874 303153 401995 10228 196 72765 933265 692239 323616 281383 247421 8402 142751 80655 27725 928689 618561 88541 31121 19004 152032 204164 188182 31886 187824 64838 26227 557781 90 325519 307882 437339 50462 369471 660250 251156 44727 609428 157941 74 46649 317871 910970 321919 278767 30455 7621 71117 914202 399658 17 133632 565124 310998 259341 92531 3909 65399 294395 182375 266422 5545 592434 906315 573125 18561 271406
156772 29
517650 404495 798049 124582 175649 44272 75033 315420 36374 712277 543617 61069 135802 288650 516753 290998 359492 682728 264862 20080 961147 907572 57552 264637 405 889752 319516 112490 840695
6318 96
3319 42680 2648 610105 601947 129995 625213 152017 208534 156105 417634 731388 976607 559560 226871 813884 290637 616258 602388 762178 589889 646391 578872 69518 318644 641378 32602 680491 205741 789900 309240 14 205789 11235 573853 94761 554586 48335 431614 344982 854710 1292 30888 551953 288752 269191 402920 270814 15832 376922 45783 198851 17137 51010 66474 210123 522614 112713 326543 33343 31841 52380 5393 678541 263463 107099 122 264965 505300 266773 162332 161320 152355 340 113106 955507 2714 510008 575518 2742 893959 47102 38471 619063 968201 295538 326365 691981 165787 102942 91130 402287 82613 977308 60775 19080
16673 38
489723 37942 3210 2082 101357 52728 917275 103052 88280 725594 889263 405597 46469 179355 995042 44922 92234 970 860174 82404 114262 456964 68793 70107 110955 347743 595231 314876 75343 172438 427266 833767 774863 33698 101379 557693 132505 1396
155773 17
987503 5642 370323 71659 8503 675214 460725 409827 426431 101092 2942 155196 3175 21257 779772 78941 872652
202840 95
881625 400197 154559 14097 929194 26939 49227 467810 9913 627299 40278 46931 136363 45310 405053 53459 2486 561407 1256 341015 291902 530 467748 1993 77828 144733 638803 300130 836 133533 805593 381614 101255 5052 584602 606927 402635 268362 177683 679575 73896 223100 2272 849174 986589 38881 752201 168168 869309 532014 147003 975035 34566 469520 888584 356730 170993 259013 900824 677019 4953 42283 14895 702626 88323 560939 7221 612027 6744 118973 924705 590783 265234 1721 47761 524323 645417 29475 736298 446633 627398 188150 24510 601605 849324 4388 47949 14961 862400 81010 19042 5567 354834 233675 150720
12697 58
53465 761350 259400 283159 43167 762514 845459 618223 14397 4691 328643 86757 16231 66777 853316 804033 746057 550951 732181 2437 80443 732998 215545 348716 125153 80700 245037 154053 226048 5 506713 224203 139407 60440 196561 17419 198199 362972 630027 914028 38397 37000 77461 607767 15832 500744 586178 22299 23492 469435 99510 252913 542106 12820 269615 739958 150973 133143
24271 26
519740 193908 24458 46143 272611 699786 112486 37613 201671 956174 8237 455677 165477 11027 267025 666409 854452 100956 630777 205842 449308 215852 6 46244 246279 429678
208085 55
866145 476323 120805 120786 74130 199 865989 158855 198284 429052 407887 188104 726574 263172 127608 7449 177061 825356 913437 382 52131 43978 589264 104252 764034 75754 171602 619230 654913 325095 65510 171289 193002 58384 397361 33329 393402 2863 269881 894241 85201 1213 728138 137690 680103 857243 62317 560432 782675 134665 137624 478476 240807 153750 270878
2043 82
396085 703015 307583 700410 759006 496078 586972 213540 8462 360712 422050 96662 1936 5631 298747 690574 254365 184 458592 29972 279245 19587 989695 271023 563506 923013 89814 95948 907223 100880 725349 810306 627926 188042 44821 352805 5160 119877 239439 338578 931369 56118 946858 759583 739406 82673 276580 165827 489148 276245 78842 489362 168409 31994 211135 952550 619824 803331 843953 479596 540969 13442 6460 780741 6370 16467 512814 81365 5932 78257 390948 176424 32876 53998 11545 1201 963266 8598 659773 13757 237184 12554
39252 95
177702 54260 646126 398565 19058 981562 110778 24527 721752 142059 40562 806540 759360 838954 3420 93926 40508 453875 897119 29014 770373 848127 98691 840852 727207 167012 91408 797830 200482 181737 550103 567909 403367 561642 384063 413 438833 178075 58139 312889 72839 470300 5955 826888 385809 105235 889461 505083 411075 16347 6632 284216 16755 408359 16422 913669 123930 750393 542151 158271 5660 273445 64056 3358 249608 176361 175323 24933 777487 210305 339082 434506 186265 402253 512577 704016 15655 645639 907460 190242 257773 736513 113115 146768 507101 71189 2306 535239 779469 712118 82133 282527 157646 163727 905258
112624 28
283373 532391 17991 902832 308699 4806 355322 937124 654259 481151 871727 3791 190191 26135 502096 349023 918191 1886 837111 848640 15656 211611 145616 67476 55052 343517 769969 529850
26661 28
992284 74048 258 10462 465501 150021 7270 987669 41110 67861 580836 165564 90434 969039 193637 172057 94088 384941 100481 13938 122478 970759 503180 18578 713087 464996 9697 104800
22000 92
145334 29509 8977 306886 624135 833425 2 132369 77039 649820 856542 27085 327573 23797 217194 174485 420895 4527 667475 913155 23021 257513 42854 369190 493778 888147 764434 447776 385609 352706 541787 2003 915107 721619 4810 300030 150319 11499 28153 726636 12193 877789 393322 131764 574774 695001 358730 602955 520383 43970 215296 24680 5195 505858 683413 860752 5115 68966 872263 356622 885616 318254 979713 3498 101786 17807 165238 423312 13796 441689 516889 291189 81849 285169 680435 663489 246763 253103 901380 163812 830539 687722 97295 393129 486418 267180 18357 56773 2711 52618 258436 215335
33479 77
245643 288639 985889 74 809421 364388 678659 414421 439056 460050 300150 51124 33327 413686 62078 34200 401929 633702 16179 585316 166744 657153 665032 83680 901769 264574 175573 855434 14932 673141 621746 91 353476 283 697826 6412 78598 980968 90496 216899 21862 149744 61000 17903 903618 21961 814724 24946 114094 227699 976206 201878 181144 637178 835556 16865 175545 322802 477964 620015 19229 31370 345851 572834 708557 473880 65368 709696 132961 286284 833547 360226 16665 206684 15059 699250 990902
37319 73
354794 14333 148435 68200 43321 38315 429302 833787 862829 135301 961796 906541 441187 496107 247406 531112 146837 641473 386111 42948 22035 835804 41940 517 809438 307877 11493 265729 192277 821002 159926 455571 77080 196378 94350 101529 221720 29045 268899 321 667406 752803 43573 297957 1522 209353 246855 546906 1607 320587 196229 352468 414573 1217 394479 142169 6117 12524 238351 46553 63768 516132 93238 24474 9678 107823 537515 604145 911669 828119 211970 744145 136763
144993 68
608118 314392 991747 836480 538758 18360 426070 553645 13544 783644 299 10097 332334 263104 96356 394742 585019 697521 712219 372183 690948 63374 79 412177 689953 13808 81227 376982 171546 31889 77178 51340 49555 996980 60745 6706 143931 8923 981669 642289 374119 9573 2036 824002 397695 311938 375115 523823 179733 393203 67679 446938 15095 84844 3421 545334 67494 205098 255005 145105 705822 101366 635836 265594 39989 146448 904388 311074
199 81
238816 56454 44189 329211 522283 674406 59245 242907 384063 612193 897364 89901 223088 492223 846506 664489 704549 163259 715797 16463 495068 438830 4160 309999 821242 122022 521543 834133 345174 118602 577891 621959 289355 644360 601868 541730 570273 315344 141091 338870 781210 256503 864879 294616 386256 831 141653 685767 392 111612 8437 688610 774039 364824 136743 81746 541314 69278 107534 737475 72952 66355 36010 6426 475102 419294 223964 90191 86140 300629 648805 112959 1596 828739 662688 531104 769795 193433 451754 474279 643101
46758 72
184328 23075 392607 230173 779157 185588 148032 129624 14048 987413 56700 454409 96001 735020 745403 574512 472761 739057 365393 66424 792233 841171 99394 237000 147363 273442 64824 66297 222488 700015 941057 163621 292590 845395 415227 25701 110900 610748 130658 315922 24761 668590 7773 31758 161356 6833 53713 226258 309 396499 183764 210710 296415 4481 128574 98311 11823 263969 6603 488318 392941 64824 513895 462208 263899 122295 345656 23091 37271 604346 226390 177540
226180 89
99076 493146 322821 526184 755944 2387 5218 11233 846125 19123 1461 229819 83887 202374 11072 95414 20545 329488 421025 437214 793172 149065 92649 81240 26483 503407 828412 43118 563907 379896 29454 365491 341846 1736 307218 30140 724683 972683 697576 206499 108876 772847 422 63286 713941 576985 192713 984640 397026 397578 328396 67921 208171 485364 305303 154410 766452 190798 920805 50647 333187 457380 246478 515600 473071 803992 131599 420926 170994 352196 51473 42744 668028 118088 300645 16577 694582 87561 670267 934201 3062 601455 97997 24344 182244 927545 102554 474202 12
183468 88
230142 544036 33771 648902 786449 244808 64841 1 369 532429 627778 65501 525616 271468 233491 272911 498018 779080 259257 162189 413687 508539 930520 3879 35279 862538 425623 267235 37716 1575 882250 352089 228606 108294 844057 626849 963816 325805 641 60820 20419 48665 331584 885089 465504 243674 331043 4319 847503 33777 24159 419483 6066 25554 248648 51182 42584 34851 756898 351404 478331 822450 4763 339460 36000 344046 201490 646912 44922 58792 387775 12641 761890 953333 33697 25986 142563 71559 505860 288987 19139 715983 40045 912173 49176 798 8329 622051
97191 29
734822 878433 209228 133639 67358 399642 69623 12424 29917 559515 106242 669863 16 438152 559228 14635 26120 403237 6394 72555 84786 39487 178353 513932 844122 34195 870621 240531 549391
197564 92
590857 479774 4885 98958 310384 14731 154617 16473 939385 296648 990407 718968 671680 416061 567169 80 688218 957788 92525 20898 552438 83023 677208 128 108480 345242 554466 640862 4466 74581 659645 39103 44039 993650 781472 685939 198183 515454 166993 3459 236148 80355 189869 863384 91378 8240 86046 414294 8094 635110 922005 254167 423189 2879 89887 336426 595 371617 138342 337165 37590 223449 1602 2057 508964 101607 225116 757712 403 2472 310542 367681 29154 5936 346365 79712 804576 810347 172864 113741 840690 537344 563590 704654 39210 582053 703257 133077 109137 344744 374297 288976
93301 20
26042 882743 189015 3531 33120 240513 135087 67004 60985 2 41491 259253 215244 876825 519934 177 186156 37806 218889 365660
181976 82
172784 600874 983410 4461 548394 248 339179 803482 154459 932063 115465 448805 935906 782136 583519 555664 50464 402310 44641 573126 455091 761120 567697 99568 498537 9104 116786 571568 562071 5009 995952 899303 4314 6651 3979 1142 483709 980317 813948 12298 1872 351834 339890 538010 634339 468528 493275 513132 345312 793596 756149 489576 235733 196570 255064 100692 142270 720151 381152 650205 92540 662542 448453 381217 593961 305384 62347 49132 59046 26981 581645 161448 660927 676563 1170 789658 947753 114316 741038 307781 9305 451864
100367 53
20509 33224 161519 532258 209090 64676 239550 766 669140 80954 837442 250539 103842 216602 464412 93874 376608 45631 502720 223581 112094 284887 464040 724025 17599 184269 474095 293903 47397 343260 258706 2802 114456 52369 22833 262982 966907 53668 336341 692 4473 969083 336295 575277 491143 736888 773100 171894 44587 169163 416393 202134 60519
112558 49
4354 352674 62141 748616 88478 20867 682500 38969 300335 20880 397152 256316 280163 480613 77888 77912 181672 240470 254718 200544 398718 476371 19390 28 809414 3403 262149 27606 577 50305 419479 441963 7603 10159 434827 736956 824800 264554 852 571 7419 115064 35392 735596 5 980693 21606 926156 211338
199232 12
84284 186888 401574 610384 574406 101760 761891 46105 25872 766585 361575 982014
7483 73
760685 269672 900301 344328 968083 284333 234691 468624 883704 20421 363960 372172 64902 253733 108925 816109 645317 160796 31842 6232 16434 828365 934836 761309 8685 307606 359951 710872 291400 135916 542966 148880 550199 209588 425745 156111 999501 281992 296401 40029 859081 237864 163881 489946 512330 84480 69160 154556 172400 204596 474859 372911 901460 831708 106137 366656 99097 97610 527 297242 403463 121045 71770 22000 764392 963472 910886 39534 826804 370549 305320 218533 238285
238070 26
804883 358341 923878 477232 43787 516649 1573 980828 467494 780945 69091 12922 250915 42812 608124 32875 804235 791305 125980 572495 53983 20196 2927 126593 25828 432737
160384 47
662613 422678 751885 353630 237039 23272 357044 587928 188603 518024 399000 19297 1044 354560 369872 20280 510537 210950 854725 189793 18263 898433 902964 11932 5422 253043 734012 42815 297176 2942 533302 604759 683791 806322 546797 778471 202913 89080 30885 222145 200443 232409 40161 296863 459909 807157 415728
5949 26
345984 925266 22146 209051 255121 593375 168378 839676 981591 19114 947014 843571 204038 753100 893282 175617 240253 175753 10087 41538 529228 112320 305737 168824 413734 151002
89778 94
642 547772 85024 153106 315963 549138 760431 746881 227961 2079 175972 258754 460634 340848 31907 383889 486858 86546 113266 43407 111106 9 154478 46691 225537 242676 602961 4087 411929 285856 867801 128780 761806 44171 557614 145305 494853 627538 501380 443730 782 845471 235652 216978 87752 6918 38538 125821 490635 74436 108229 350211 121488 744151 524104 166969 418264 113379 270957 411126 73309 68640 1369 15868 383685 2696 28061 756961 81935 86605 168005 784825 8739 606844 14 139146 100447 369957 936219 430181 478641 70688 2037 755778 242027 385481 292319 959027 773517 69297 545799 188 233411 257234
235607 50
770840 33352 913069 40538 363998 15619 5772 8786 123389 771352 47653 9744 355270 762484 512039 541052 40125 271867 1482 876261 174043 7812 162040 175998 238300 85803 142586 320867 132872 2110 362847 156621 466824 676798 294106 763509 620382 450901 83089 222453 946836 278740 238532 223574 152066 89533 78702 18031 107988 128235
1533 35
790302 563304 58376 105778 404459 862155 983214 128067 893517 696401 235920 365945 63746 43723 35627 332856 5942 739749 568010 250857 136794 407856 43 163407 278795 37345 828320 109 537950 194458 755539 80894 334034 632721 3864
137601 86
93222 479127 453637 931956 797158 798400 306708 853099 246445 116039 383850 160930 68610 163765 233899 445139 98548 288451 40612 243742 813111 14905 256495 84768 709637 371395 119785 50037 852364 741153 24561 22032 143880 20933 333032 460131 12982 377092 387618 102592 2108 635313 268530 710032 230731 404279 75803 172967 407381 715155 192498 110286 60503 894593 592117 97622 12035 161460 226160 312493 116732 76979 730828 305404 717129 277023 25617 974391 977581 7494 1508 1 264997 812870 410404 167425 153936 281028 20648 635151 96399 4711 122073 9097 119410 11009
115761 81
800855 193436 603901 696639 4509 3406 62108 508141 8993 725814 523731 104100 121359 40502 901196 29654 897653 266094 335868 138830 9213 163781 42441 1492 259186 145351 562548 161629 252660 7999 786 966 527059 252473 792001 317488 11099 272205 27340 847220 267690 897106 92082 562998 44668 340716 268900 672592 145872 335492 888617 648668 3316 112550 3453 888054 107543 35199 426662 4965 920258 646607 64871 506731 16399 10995 255860 9777 191272 651418 154605 13823 453505 648515 4974 127765 804325 134477 446759 264509 326155
231558 95
78765 18837 4966 618850 375663 522472 108390 110653 69150 121350 647436 553104 1966 5683 533853 10009 691457 12012 428079 591723 138990 397397 92719 502216 364098 1925 254667 164646 765290 42249 177311 9375 200788 340277 12635 392915 4515 23398 144485 228862 51016 49720 910340 13623 180562 500022 825935 777085 3834 416429 453885 77591 382712 875020 975496 25406 966301 462769 535129 835828 838227 7485 458461 711748 700 2484 391982 710515 99984 279502 62518 746054 769414 799419 177495 220551 19089 543062 798628 16591 518167 462904 221037 71 21 489852 293790 655863 648394 499074 74086 1469 847475 490448 98285
231311 17
31655 407772 362369 199776 284993 477719 188308 17249 381764 82913 797955 7199 219082 485116 71563 11507 649607
4 61
599514 865215 499932 906848 427515 33417 262544 5118 175087 380608 200634 854180 433654 60830 219431 246105 254654 173330 278402 361 312096 400351 97823 273912 53508 761878 263557 81345 477763 22384 142505 54965 55937 11388 718282 318605 228867 103982 864356 688138 1047 181577 372851 370554 65222 548080 56860 27891 44025 95647 6269 446812 45860 117589 22332 554122 216 83643 108103 304407 257802
247413 73
466038 549412 317790 554676 621530 962465 54890 142776 490520 122543 58962 371398 808390 492276 73063 40918 39 39784 675805 28379 126012 336908 280436 798350 65271 461841 902243 599637 171228 101760 64979 298598 494435 145733 260035 915487 745351 903323 896586 32696 975856 452644 692266 170220 8222 725652 507334 316488 720 875448 109419 188119 879674 195099 523421 16851 1255 149281 585612 641596 4813 130967 820532 68323 3965 155154 245323 545854 690287 1746 50497 28518 687996
231644 14
269716 444835 60942 942654 90944 80973 192539 288431 33163 234261 428170 287368 266700 4156
67808 91
607529 191 67174 453852 124840 297430 78004 151648 618971 942924 752210 37839 500148 458938 909884 625797 208454 188452 796051 291191 601755 465434 474350 736597 9255 360871 627014 639544 158865 42066 460489 41531 635735 592335 920573 29599 983967 576286 928420 345423 630681 423627 548171 69093 121762 328949 28439 350984 333110 38046 30910 222596 282191 588579 3313 387243 95140 92784 589257 903622 113000 179237 32439 922904 913679 28582 215782 321625 849 255614 11271 3024 294157 537524 137587 226976 12613 89566 425434 8782 880345 246992 64404 633315 599231 674720 786217 49671 637767 19063 466567
493 46
223256 313292 919823 405016 533905 2581 58362 356930 16061 800831 679912 10060 3102 230282 538317 186 943210 512600 393325 116863 234398 881726 156436 77080 874134 420433 69002 162414 9412 63255 873072 100539 707290 184589 151493 183758 113509 455294 810241 327036 10901 180296 246218 599373 223633 728432
126216 19
319503 536505 176456 202314 348639 21111 197908 423107 558538 762270 59072 261069 141020 574105 150949 110823 439778 73179 812809
2380 60
163353 100833 670137 1256 223093 813623 965883 1986 315033 11596 804113 5340 57997 126249 825856 532826 662052 832509 237631 298554 993197 77451 585609 56867 476236 10638 548693 447568 294600 920608 346825 694076 676245 316436 182345 122999 148634 118432 159331 717050 219885 37837 23151 45712 90832 227200 219084 380685 799489 911696 281147 926085 116571 51719 899997 83466 11949 803287 513191 243309
152314 32
94611 943982 186910 16720 321669 13273 763286 213429 240921 177105 858655 279065 581102 16854 302712 82922 164740 44173 213185 795690 2453 3405 139463 213933 713501 695877 31115 21523 934326 72514 524698 188900
180820 75
538907 93161 48452 208 143932 84530 67991 254774 692841 732044 235595 474215 142 228895 185240 23117 12052 440733 773864 153617 2968 436314 19447 35638 224388 915343 49524 545056 162762 208251 463785 402 291019 171355 496979 484659 39847 404353 26148 716621 659462 141039 101296 47828 344603 66466 21450 363283 684279 86996 53268 872949 7582 22850 58043 747552 372304 296485 267859 3696 492237 74798 9656 457022 399929 966124 748221 420921 194144 744522 479990 443408 40581 18048 383150
19558 39
740596 47074 55940 93824 286211 125168 412228 52169 189563 150256 648548 6645 30822 48457 24538 140367 146617 37541 592602 367940 824566 319278 21584 204130 36552 867769 161611 33101 35232 858519 100378 459742 961982 3125 7141 98610 26633 754137 441731
33673 34
91787 106383 77655 188351 723208 192325 460107 390339 258756 163030 16760 375417 454371 803297 757555 404598 178144 149005 604173 966349 720155 54115 860286 11393 54230 207138 149574 90505 552130 788672 400797 455149 129563 424263
7629 48
264196 141248 91309 392033 301260 28775 73348 378769 205473 429079 200031 172313 2799 99969 6721 894 182190 64255 132117 341078 746443 302034 134314 1827 845503 70534 324085 26732 112866 13025 438808 721179 1 963469 292824 878584 387912 258 287222 601496 1081 68517 227120 495126 53170 175643 177469 41002
3085 78
81762 981470 780929 61228 6360 84551 3436 867972 588352 833875 131852 917415 229941 611031 515353 147049 7510 663834 580436 25367 587686 73788 35825 587892 4768 35699 627056 182399 373769 1523 526791 560575 845263 501507 466953 316939 506818 449950 87798 603696 180178 907902 17011 497004 583314 5788 74344 603683 175588 772609 705083 834706 45804 116235 330262 625282 386981 13975 62952 681852 4690 307191 717537 100278 262250 111413 111377 232490 389741 876816 96993 176044 699704 300131 416954 707595 1178 526895
