100 100
ADABCDCBBDBDDBBDBBBACCADDDBCBBAADBDACACCCAADCCDDADDBDBDCCDBACABAACBDBBDCCAAAADBBCBDDCBCCDBABBBBBAACB
92 988
201 165
314 871
316 206
309 456
823 366
192 720
906 790
162 328
4 953
574 773
542 392
614 268
444 615
148 668
628 730
755 500
582 302
381 908
499 68
8 802
999 351
73 124
100 102
242 908
906 535
13 273
694 285
243 842
754 563
537 186
8 969
297 811
525 431
698 819
491 285
709 482
99 89
382 927
153 947
311 229
606 846
928 502
639 730
373 585
379 746
413 58
737 576
753 408
51 431
446 211
42 584
794 315
608 386
485 724
803 371
688 892
485 187
889 46
246 201
113 126
636 533
2 752
271 802
363 676
716 191
857 144
68 2
626 446
171 185
770 229
138 990
190 796
85 187
488 133
908 808
631 489
218 150
395 731
281 407
133 70
548 608
820 324
489 568
988 514
116 37
647 707
961 843
666 286
214 773
808 548
600 417
68 455
386 807
760 496
237 652
962 720
730 15
633 679
109 336
