100 5
0 5 98 34 33 79 46
1 3 67 54 31
1 0
0 1 9
2 0
1 0
1 0
3 0
3 0
3 0
0 5 72 19 11 88 30
3 0
1 2 15 35
3 0
2 0
3 0
2 1 73
0 5 26 23 12 95 51
3 0
1 0
1 0
0 1 74
2 0
2 2 78 83
2 2 48 28
2 0
2 1 92
1 1 84
1 0
1 0
1 0
1 0
2 1 57
0 3 13 71 70
1 2 91 24
3 0
2 0
0 5 17 10 66 1 65
1 0
2 0
3 0
0 5 77 52 3 39 87
3 0
2 2 7 42
2 0
3 0
2 1 64
1 0
2 0
2 0
1 3 94 69 89
1 0
3 2 8 5
0 5 41 21 50 85 27
2 1 44
2 0
1 1 43
3 0
2 0
3 0
3 0
2 0
2 0
1 0
1 0
1 0
0 4 16 93 86 38
0 4 81 68 20 36
1 0
2 0
3 0
3 0
2 3 62 47 55
2 0
1 0
0 5 76 56 99 6 60
0 2 4 29
1 4 40 90 25 63
1 0
2 2 80 59
1 0
3 0
1 0
2 1 18
2 0
0 1 97
1 0
2 0
2 0
1 0
2 0
2 2 32 45
2 0
1 0
1 4 14 96 49 61
3 2 22 58
2 0
1 0
1 4 53 37 75 2
3 1 82
