5000 100
49 8 2789 3710 2166 946 4717 3889 3472 4784
51 1 3256
18 2 282 3983
55 4 201 455 186 3410
21 1 1725
39 2 4744 450
66 0
67 1 4617
95 1 826
3 0
33 0
9 0
31 1 3883
10 0
7 0
9 2 2852 2110
48 0
85 0
46 0
80 0
27 0
71 0
1 0
75 0
7 0
1 2 2097 2355
8 2 3403 1882
88 1 4636
32 6 3272 1911 1792 2724 884 4504
32 1 1535
54 0
31 0
59 0
61 2 4850 101
43 0
67 0
7 1 2689
45 1 936
46 0
33 1 2767
34 0
65 0
64 8 2440 21 3565 4916 687 504 1952 4689
17 0
10 4 4138 1161 1509 1284
9 3 967 4798 4103
94 0
29 3 2566 3863 1223
41 0
15 3 51 3967 164
0 1 777
60 1 628
83 0
69 3 3197 1147 4089
23 1 3615
58 2 1580 4724
19 1 708
24 1 2762
83 2 353 3196
69 0
44 0
63 1 3924
65 0
53 0
4 0
41 0
82 0
8 1 2930
35 1 2695
54 1 2644
77 1 2198
69 0
27 0
65 1 1722
67 1 1230
83 0
76 1 4987
56 0
39 1 4820
41 0
79 1 4133
98 1 3064
62 1 2363
77 1 4214
92 3 4377 4843 1614
83 0
67 1 3662
54 2 2990 923
39 1 4946
18 0
6 2 2848 1416
68 2 2284 3031
90 0
26 1 214
24 0
78 1 4148
17 1 1257
75 0
37 0
56 0
27 2 250 4002
96 1 4471
66 1 3465
76 1 2319
19 1 1162
96 1 994
71 0
25 0
65 0
30 1 1557
49 0
55 0
44 3 893 4317 2460
61 0
72 1 92
35 1 2313
79 2 30 1947
58 0
56 1 4068
44 1 4682
82 2 356 4977
88 0
69 0
9 5 4099 3886 3675 2215 2149
53 2 2648 2153
37 0
37 0
20 0
20 5 4370 569 1149 1054 2881
20 1 2415
12 0
30 1 74
86 1 666
5 2 3613 3334
58 0
24 0
51 0
29 1 3997
49 2 4828 3402
28 0
2 4 2222 1159 3727 2250
41 0
59 1 446
64 1 3038
3 3 505 2892 1083
93 3 1003 384 276
59 0
15 0
12 0
74 0
23 3 3715 4162 3941
4 1 4789
30 0
84 1 1198
80 1 3846
61 1 188
3 0
45 1 80
45 0
77 0
98 0
3 4 4609 2972 4197 4419
75 2 493 1341
53 10 2635 2288 3864 4484 975 4967 2956 2486 604 2809
90 0
8 2 2347 2889
28 0
58 1 4958
23 0
23 1 523
44 1 574
91 0
23 1 781
71 0
19 0
35 0
18 1 2474
83 1 1655
17 2 3527 94
98 0
30 2 2544 2220
87 1 2684
88 1 2886
78 1 3117
68 0
40 0
62 1 2024
27 1 4702
10 0
1 1 310
50 3 1966 2301 1795
36 5 205 1078 2588 322 1272
36 0
58 1 133
77 1 2492
39 1 1115
62 1 4548
44 0
27 1 2884
59 4 629 1146 1539 2335
93 0
53 0
44 1 3876
15 0
48 0
52 2 1733 817
68 0
16 0
61 1 3153
93 0
62 1 4036
29 2 2472 3793
63 1 2067
13 1 3354
95 1 2321
86 0
5 2 3255 3544
32 1 3083
99 0
24 1 738
16 1 4096
52 0
56 1 1496
68 2 4757 224
91 0
77 0
36 0
26 2 4254 1339
89 1 585
98 0
56 2 4487 861
96 0
22 1 787
41 2 1400 3187
63 8 4180 1294 1352 235 3110 3383 2594 3587
10 5 3629 2632 1664 3367 2480
20 0
23 2 194 1693
0 2 3412 4218
52 0
66 1 1857
28 2 768 759
23 3 1734 91 1970
57 1 2547
65 1 1845
73 1 4763
11 1 112
7 0
57 0
59 1 498
93 0
64 1 3536
56 3 906 3338 4610
78 1 867
61 0
40 0
4 0
96 0
6 3 2051 4628 3922
61 3 1771 3473 1502
1 2 2128 1671
69 0
34 0
87 1 4765
27 1 542
13 0
74 0
36 1 3651
68 5 3686 1392 61 1738 1046
49 0
43 0
11 1 3695
38 4 3440 3767 4159 4367
86 2 1106 1840
13 0
75 0
17 1 800
50 0
81 0
77 0
13 0
66 3 4815 2765 4193
68 0
71 0
41 0
60 0
56 1 1853
31 2 144 4430
40 1 1640
34 1 4433
0 1 3966
67 3 1303 3617 335
8 0
92 2 2764 2919
16 2 4044 1231
53 1 1075
22 2 2458 3335
67 1 989
82 1 1809
76 1 1679
6 0
94 1 1777
46 2 3312 2896
65 4 264 4921 3593 732
76 1 1717
46 1 4412
66 0
80 0
68 0
15 3 4393 2613 382
42 0
25 0
24 0
47 2 4237 4266
1 0
72 0
38 3 116 3429 1705
57 3 4567 4939 2661
35 0
96 1 857
86 2 4874 280
61 1 1866
91 0
34 1 3114
26 1 2732
57 1 4398
10 3 2117 3837 4465
97 1 724
13 0
69 0
74 1 4591
85 2 2228 2975
27 0
24 0
81 0
95 0
10 0
9 0
71 0
25 1 4727
41 0
25 6 1403 4559 163 1936 3800 4501
12 1 1663
66 0
30 1 653
76 1 2945
19 1 1567
58 3 1895 3232 263
61 0
31 0
88 0
39 0
9 0
96 1 2601
21 0
17 1 2257
24 0
72 1 4586
98 1 3362
15 2 1764 9
36 0
36 1 318
87 0
46 0
48 0
47 0
23 1 349
74 0
24 0
67 0
91 1 1922
44 1 2616
39 1 321
27 3 2711 3169 1124
15 2 2385 1073
77 0
95 1 2029
48 0
76 1 3976
76 1 4730
30 2 458 3097
40 1 4773
78 1 845
40 1 2716
16 2 530 1563
3 1 303
95 3 4813 2957 647
58 0
6 1 2573
96 0
60 0
97 0
21 1 4423
65 1 1033
13 1 1004
62 0
85 1 1523
74 0
66 0
88 0
17 4 4441 3937 4330 4935
87 2 3820 3433
80 0
72 0
48 1 2994
18 1 1325
79 1 3947
56 1 3353
86 0
2 0
72 0
77 1 176
54 1 3900
64 3 4858 4463 3059
10 0
26 0
70 0
67 0
84 0
42 1 3443
31 1 2630
24 0
85 0
20 2 2963 3495
95 1 2243
27 2 3054 697
34 1 4804
69 0
1 0
43 1 1394
11 0
26 0
26 2 3611 212
86 1 1497
41 0
43 2 1199 2095
93 0
7 2 320 4346
52 1 2941
94 1 1055
86 0
61 0
27 1 4707
6 2 1849 3515
61 2 4623 2145
18 1 2206
15 0
78 0
47 0
49 1 3493
61 0
71 0
31 1 2108
85 1 4945
27 2 1872 3995
11 1 2151
13 0
60 2 168 4262
81 0
41 2 956 1296
67 0
33 0
62 1 729
32 0
1 1 274
9 0
33 0
9 2 365 2820
5 3 123 2626 2517
68 0
85 1 1406
70 1 4600
49 1 4053
30 0
55 0
26 0
87 3 2252 2143 3300
34 1 439
99 0
6 1 2993
46 2 550 3239
32 1 4895
62 0
48 1 1892
11 2 3579 947
40 0
94 0
6 1 4355
53 0
5 1 725
41 2 2555 3829
46 0
34 0
44 1 2628
60 1 2030
9 4 3551 1132 832 1874
20 2 1600 1414
86 1 4078
65 0
8 0
51 0
79 1 281
9 0
23 1 2271
5 2 4454 700
66 0
92 2 217 2531
14 1 179
72 0
96 1 55
7 3 3173 1461 3209
1 2 403 1491
79 1 2244
11 1 3475
27 0
18 1 2498
37 1 18
47 2 1346 2603
1 1 4260
84 0
61 0
2 1 1098
42 1 3210
29 0
65 0
52 0
49 1 4414
49 0
19 0
4 1 4602
36 0
14 0
9 0
32 3 3512 206 111
52 0
47 0
63 2 1051 2777
2 1 4879
16 1 4597
86 3 2546 4833 2858
65 1 3456
4 2 778 1398
81 2 1014 3699
1 1 3763
28 0
30 1 3609
11 0
3 3 2664 3866 4048
1 0
64 0
58 1 1683
92 2 3428 2303
25 2 3663 3133
63 0
91 4 1133 15 4643 1582
94 0
32 0
0 8 3677 3427 2800 2949 3667 3065 2775 2586
78 1 4748
68 1 3202
86 3 4955 4926 2131
28 2 2034 3216
29 3 2161 667 171
52 0
89 1 1374
4 2 4276 2063
54 2 4832 1533
27 0
21 4 2300 501 2317 4018
94 1 950
67 1 766
86 1 26
89 0
79 0
12 0
69 0
50 0
19 0
27 1 3291
17 6 1290 2193 4564 672 4140 3467
81 1 2677
24 2 4936 1089
47 1 2438
6 0
22 0
28 3 3337 2445 75
89 0
24 2 3139 4005
41 3 1687 1540 2751
94 2 3373 1258
61 0
77 0
51 1 3771
26 0
50 1 4793
37 1 3003
18 3 2473 2824 36
34 0
81 0
46 4 1187 2219 2010 259
1 1 4293
9 0
32 2 4761 1367
18 0
47 1 2329
71 0
7 0
78 1 887
61 0
82 0
3 1 1343
24 1 4381
69 0
25 0
62 1 1912
36 0
31 5 2831 3045 4290 1084 1265
96 0
4 0
37 6 2631 2357 227 345 4045 656
32 0
43 1 4309
78 2 3993 4897
72 0
93 0
87 3 148 652 2865
89 1 4043
93 0
93 3 2854 4166 113
15 0
15 0
16 0
93 1 4264
28 0
96 3 419 4409 1981
37 0
94 1 2212
86 0
62 0
56 1 3780
10 2 933 2230
82 0
10 2 3286 562
78 3 4631 875 3486
66 0
12 1 533
42 2 928 2605
18 1 2416
73 0
69 1 3558
53 1 2406
32 0
7 2 3749 3108
44 3 2425 3970 3823
44 0
42 3 3449 3559 4136
31 0
32 2 2096 2833
21 0
9 2 4500 531
65 5 1968 4304 2129 963 3319
99 1 4351
28 1 4173
49 0
45 0
47 4 4331 4612 3577 2511
58 0
49 1 3634
95 0
59 1 2973
31 0
90 1 1096
26 1 3940
57 0
59 1 4354
13 1 2808
50 0
34 0
74 0
92 0
81 0
41 1 2749
9 0
11 0
85 0
8 1 2866
59 0
9 2 3270 1897
18 0
20 1 654
10 2 2593 780
8 2 1984 2370
28 0
16 2 3756 4710
85 4 2557 1649 3564 4239
88 0
72 0
25 2 1933 1611
13 0
77 0
53 1 3070
80 3 752 1440 1184
83 2 1206 1228
52 0
54 0
65 0
98 1 1699
41 2 813 3400
12 0
38 1 3822
97 1 392
14 0
3 1 2747
68 0
57 1 2822
1 0
52 2 4384 3888
63 0
61 0
83 0
70 1 4671
87 1 4263
39 0
88 2 2315 1429
12 0
2 0
32 0
68 0
3 2 4081 4731
23 1 840
54 0
38 1 189
62 1 3301
76 1 4087
0 5 699 3506 4019 3220 3157
73 0
63 3 2568 4429 2838
75 1 408
19 0
85 6 1210 4009 298 4640 3417 4713
88 1 13
81 1 2690
39 4 4535 4510 3638 256
38 0
56 2 2454 4391
20 0
23 2 731 1101
94 2 1534 4031
95 1 675
14 1 3247
72 4 4215 3718 359 1638
84 1 3706
97 0
42 2 1220 3089
9 0
62 2 4200 2451
95 0
54 0
24 1 4350
22 0
76 0
48 0
1 2 1740 4855
39 2 972 2361
83 2 66 4326
48 0
65 3 3783 3226 4566
76 1 4964
26 2 1340 98
83 3 2080 618 2184
13 2 2073 2645
68 2 2948 2844
60 0
43 3 3298 807 102
1 1 3583
36 0
7 2 623 4299
50 0
15 2 4795 4621
96 0
16 1 3177
31 0
62 0
22 0
68 0
74 2 4863 4382
10 1 4477
41 0
62 2 3483 2466
88 0
11 0
71 2 670 1552
25 0
61 1 3223
25 0
71 0
28 0
65 1 3230
31 0
56 3 3656 2264 1068
9 2 2057 2337
44 0
56 5 3905 2501 1785 4247 1972
51 0
16 1 2627
93 3 1229 4008 997
60 1 1237
75 2 1790 1835
14 1 4930
9 2 3807 3698
78 1 1595
13 1 4395
47 0
36 1 3702
74 2 1012 4181
82 3 3249 1955 3156
13 2 2859 662
11 1 4110
21 0
23 0
12 3 4760 1205 2020
34 1 14
49 1 2094
45 1 391
77 2 2249 3653
46 0
87 0
25 0
81 0
26 1 3131
89 1 3986
77 3 4394 3246 783
7 0
87 1 3874
91 3 3707 3818 1783
3 2 2780 3965
96 0
42 0
29 0
38 2 4453 770
52 0
76 0
43 0
93 1 2970
93 1 135
94 1 919
78 0
67 0
2 0
63 0
67 0
58 0
17 0
58 0
37 0
89 3 2491 3075 3361
48 0
23 1 4313
33 2 4899 1674
50 0
25 3 1480 1606 1123
90 1 4726
79 0
68 2 285 3330
57 3 386 3770 220
80 0
51 0
50 1 4560
45 1 3635
1 0
21 1 1305
80 1 1896
88 0
55 1 3987
84 1 1878
96 1 4335
44 0
99 1 2583
21 3 2638 4224 2038
63 0
48 1 4570
41 1 3944
7 2 4090 4255
26 0
68 1 1259
91 0
46 2 1902 3273
7 1 2476
63 0
71 1 1330
50 3 1422 2710 3852
89 3 4526 695 3726
60 0
18 0
44 0
17 1 2913
99 0
68 0
33 5 4137 2803 243 230 829
47 1 3697
57 1 1728
40 1 3522
24 0
68 1 1114
35 0
74 2 546 275
48 1 2924
17 1 1262
76 2 479 896
8 0
88 1 2728
5 1 3308
74 0
92 2 588 1424
45 1 486
46 0
63 0
60 1 3329
17 2 59 294
29 0
73 0
15 0
36 1 3098
94 0
18 0
0 1 703
67 1 3968
16 0
63 0
20 0
22 2 1312 487
24 1 4645
4 1 4528
17 2 3033 1639
18 2 4144 2740
29 1 4870
69 1 398
2 0
94 1 4786
62 0
45 4 4709 4128 4969 2519
78 0
23 0
37 0
1 3 512 2810 1487
36 0
1 11 1938 4509 2237 2071 3379 3938 1684 3582 2819 2121 2021
78 0
17 2 3623 3723
15 5 3198 1846 810 643 4172
79 1 138
70 3 1773 3679 4554
19 0
91 0
83 0
26 2 1565 4116
52 1 3200
94 0
47 2 480 2026
70 0
20 1 748
47 2 4766 4461
64 2 927 3375
8 6 246 2971 2768 2186 4187 4411
1 0
81 0
9 0
49 0
95 1 1884
0 2 1921 7
38 0
40 0
50 0
35 1 4861
60 0
46 1 4647
95 0
72 3 4366 1889 4521
45 0
91 1 4924
98 0
27 1 3416
31 0
28 4 1901 2292 1949 3636
66 1 636
43 2 3149 4749
62 0
9 0
74 1 4308
55 0
65 2 4169 2397
3 0
23 0
44 2 4767 77
3 1 4374
88 1 1058
7 1 1566
36 1 3648
63 2 1221 1481
70 0
44 1 247
18 2 1202 4646
15 0
48 3 3104 3703 3764
34 0
1 0
23 0
24 1 2469
99 0
46 2 1942 910
61 1 4426
12 2 4811 4495
60 0
45 0
94 0
33 2 3682 3344
83 0
50 0
58 3 1263 1435 4941
6 0
4 2 1697 2487
5 1 1157
39 0
35 3 1459 513 2247
80 2 4849 1492
14 2 167 1890
6 0
24 5 146 2287 608 3086 3955
97 1 998
39 2 3911 1977
93 1 4427
55 0
42 0
99 1 1982
14 0
35 5 1018 4667 1825 4388 1056
2 2 2898 1851
28 1 2077
6 0
79 0
29 0
62 0
2 0
60 2 1390 4961
7 0
6 1 150
22 1 4368
96 2 2393 1135
87 0
55 1 4168
78 2 2070 701
13 0
22 0
28 3 2109 4630 3368
25 1 1287
56 0
25 0
64 2 3394 3856
13 2 971 1766
80 0
85 0
26 1 4406
56 0
45 2 4620 1388
53 3 3111 3894 4900
12 0
10 1 3229
13 1 1275
46 0
9 0
6 1 895
29 2 4204 1751
76 0
40 3 2678 2758 1876
35 0
39 0
54 2 2196 1174
5 1 2725
61 2 425 4251
60 0
32 1 2962
12 1 4246
70 2 3148 1748
99 1 4481
34 3 655 1815 324
61 1 2683
67 0
8 0
31 2 3176 1192
16 1 1881
80 2 2383 1332
92 0
98 1 1240
45 0
1 1 1770
11 1 1117
65 0
35 0
65 1 269
76 3 3325 4842 4371
35 0
90 1 126
90 1 4282
9 0
23 1 4190
32 1 2398
78 1 2662
66 0
57 0
2 6 4972 1542 1370 1765 4664 3042
9 0
83 0
98 2 1255 50
3 1 3215
21 0
77 0
12 1 182
38 1 4635
65 2 4188 2584
76 0
27 1 1620
64 1 1837
90 0
19 2 3791 4205
47 0
77 0
6 0
34 1 4302
16 0
28 0
25 1 3591
18 0
48 0
60 0
90 2 2727 3155
57 0
22 0
36 0
74 1 2005
89 1 4403
38 1 4348
38 1 2921
84 0
64 0
64 0
59 1 2395
5 3 4553 339 4405
64 0
55 2 4980 1860
51 0
90 1 1844
66 1 109
54 2 3808 3530
42 0
54 1 177
2 0
14 0
26 0
10 0
27 0
38 0
47 2 2417 3225
60 0
31 1 4745
78 0
68 0
63 0
92 1 12
45 0
58 2 3331 127
51 0
55 0
64 0
50 0
63 2 2681 4846
9 1 2126
44 5 3328 45 4072 756 2723
35 0
3 1 3380
77 9 3637 2043 3891 2302 4233 2940 3360 3253 4462
89 1 3568
45 1 2846
19 2 4665 2737
80 1 4106
76 0
34 0
80 0
23 1 3320
27 0
64 0
95 0
45 0
62 1 902
4 3 3451 4638 1641
67 2 3535 4051
39 5 4994 3496 57 1007 556
91 2 3355 1041
31 1 4311
37 6 3078 4999 35 441 1746 1188
12 0
60 1 797
75 0
19 0
91 3 400 1038 1050
34 1 2646
49 0
67 1 2163
74 2 1485 3103
56 1 827
55 3 97 60 1775
63 5 1685 2668 4851 1214 4184
69 2 3633 3977
19 0
7 1 2806
61 0
79 0
7 1 583
50 1 4821
68 1 1111
19 0
76 2 4778 4285
59 0
75 1 3448
27 1 2704
19 1 2225
49 1 4519
95 2 3553 3127
95 0
5 0
48 2 1910 3836
55 0
3 0
71 0
90 1 592
79 0
90 0
65 0
25 1 3518
34 3 4592 2952 3921
45 1 1677
8 0
18 2 4670 2241
5 0
81 1 314
76 0
17 0
23 2 1301 3307
76 1 2326
61 0
11 1 1034
13 1 1457
43 2 2112 1999
11 3 4963 1870 4274
58 2 3421 2823
39 0
45 0
30 1 2245
90 1 4775
42 0
91 1 2510
44 0
16 0
41 0
95 3 4928 2040 891
11 2 1661 2463
58 0
81 1 2387
88 0
76 0
94 1 2582
22 3 4213 1324 166
36 1 2396
70 1 4881
19 1 4320
1 0
60 2 3251 811
5 4 2461 3165 95 1447
88 1 830
15 0
95 2 4297 3063
81 2 1656 3680
87 1 1573
30 0
16 1 1043
11 0
64 0
74 0
41 2 390 64
51 0
65 1 4475
7 1 772
44 0
46 0
95 1 4825
48 4 3372 4875 3845 3745
31 1 1944
66 0
41 1 1822
69 0
78 1 3109
5 1 140
10 0
46 0
28 1 2756
59 1 4716
68 3 3245 1750 3657
6 0
11 1 4787
43 0
86 2 2748 4854
64 0
81 2 4653 2943
27 0
33 0
13 1 1707
69 0
32 1 2338
5 1 1774
38 1 521
71 0
89 0
2 2 3314 4552
83 0
11 0
24 1 3794
19 1 424
89 0
62 0
24 0
86 0
32 0
78 0
1 1 3597
17 0
56 1 2477
14 1 1976
85 1 4191
7 1 4590
97 1 3271
89 1 3809
85 0
66 0
31 4 4723 514 2967 1423
36 0
72 1 2269
50 0
85 1 4252
90 0
47 2 872 231
9 0
95 0
32 1 4642
92 6 3136 2839 1631 915 1172 3085
6 0
30 2 2565 627
18 2 1136 3973
44 0
30 1 4971
50 2 2773 4401
83 0
46 1 389
81 1 2708
50 1 279
81 2 1883 1191
56 1 819
66 0
61 1 2693
46 0
54 0
90 1 2047
9 4 3358 3775 4437 2092
48 0
84 0
27 0
59 0
92 0
23 2 4644 4425
50 4 129 541 2358 1581
73 2 3317 1093
55 0
4 1 267
0 1 3339
77 0
71 1 2523
95 3 3158 2763 558
90 1 2766
55 0
86 1 3207
40 0
72 0
68 1 4782
68 0
77 4 1558 3694 3953 3217
5 1 4446
21 1 4195
31 0
83 4 2306 4256 87 3508
3 1 196
38 1 4424
31 0
59 2 4303 432
71 1 260
72 2 3067 3738
13 8 4575 1439 3183 1067 565 4318 4488 3621
98 0
26 1 471
29 0
34 2 1354 4914
71 0
48 0
0 1 2998
81 0
47 4 2857 4965 3171 3728
8 2 4107 2700
84 0
72 1 4622
8 0
15 0
50 2 3574 859
86 0
27 1 3797
85 0
66 2 1793 4756
48 0
40 0
50 0
95 2 1838 1716
83 1 1941
69 0
11 0
44 1 4062
29 3 4555 714 1923
76 1 1702
26 1 3901
85 3 2761 2745 646
9 1 4379
70 0
48 2 3001 2065
44 1 364
29 7 4338 1605 940 3709 1868 602 1646
60 0
13 0
6 3 2738 4145 4372
91 2 1604 4679
43 4 1803 3478 1052 2871
45 0
87 0
47 0
52 0
92 0
34 2 2238 1155
45 2 31 935
4 0
38 3 459 4632 3693
23 5 178 3532 3843 2569 4261
76 0
38 1 4803
55 3 3747 2207 3644
50 1 2381
77 0
67 0
31 0
100 0
50 0
14 1 266
77 0
29 4 4940 4127 694 361
18 5 4942 1545 669 3130 805
28 2 4668 1562
44 1 3676
76 1 3620
60 1 1703
79 0
45 1 1295
55 5 1928 995 1105 3899 1546
82 0
18 1 1386
7 2 1345 518
28 0
63 0
58 2 882 2027
50 1 3234
58 1 4657
42 0
41 0
27 1 2082
72 1 992
4 2 3007 3299
95 0
37 1 3555
36 1 921
95 1 1524
6 1 500
7 0
31 0
19 0
64 1 3469
28 0
81 0
3 0
25 0
42 1 4565
31 0
38 1 222
44 4 238 251 1118 2903
27 0
42 1 4037
93 1 286
63 0
52 3 1045 744 4801
85 0
79 1 1432
86 4 3704 3567 4995 1431
94 3 3650 4768 2263
21 0
32 0
90 0
69 1 3701
19 2 3510 812
84 2 2305 4061
92 2 3950 2325
87 2 27 3865
3 0
29 1 2845
4 1 4328
86 0
35 1 4152
82 0
38 0
98 2 307 3009
38 1 357
48 1 4867
45 0
39 0
15 1 850
64 1 4235
42 1 2441
19 1 406
14 0
70 0
64 1 1886
69 1 2864
9 7 4344 213 2083 413 2791 3572 2289
0 2 340 3742
75 0
46 8 2746 599 3244 1753 1848 2814 515 4641
12 1 3513
15 1 1979
78 1 3998
75 0
73 0
24 1 4551
43 0
87 0
44 0
13 1 2197
62 2 2490 4704
41 0
44 3 3134 2444 83
98 1 1788
6 0
0 1 2987
87 2 2258 866
33 3 79 4305 1739
88 1 4611
7 0
43 0
94 0
73 2 854 3975
70 0
23 1 4020
99 0
25 1 4333
32 1 1277
5 0
72 0
82 2 993 3479
82 0
23 0
79 0
80 0
83 0
43 0
48 2 2560 1347
56 0
24 3 416 745 1842
97 2 2925 3990
53 1 43
38 2 3932 4192
59 2 2104 3404
44 2 375 4580
57 0
73 1 369
78 1 3281
81 0
8 1 1020
33 2 942 1823
49 0
30 0
24 3 2699 1796 2045
69 2 2340 308
35 0
51 2 2136 485
72 0
57 0
38 2 4269 476
53 2 2382 1127
18 0
21 0
32 3 2048 2226 311
22 2 3206 3175
81 0
17 5 3860 1917 547 190 2072
62 0
10 2 516 4003
0 1 3979
97 0
55 0
11 0
62 0
48 1 889
73 1 2309
54 0
39 2 2571 2233
36 1 1183
33 1 3971
87 1 3705
38 1 3348
86 0
67 0
27 0
36 0
86 1 3305
91 1 4520
96 3 894 2360 2933
57 1 2696
46 0
84 1 2878
97 0
4 2 1695 1637
23 1 2426
59 0
67 1 3853
16 1 442
79 1 1515
80 1 734
12 0
19 3 1745 535 1776
21 2 4480 184
31 1 835
63 1 200
33 2 2088 934
4 0
64 0
65 3 1201 808 1308
23 0
55 0
20 0
59 2 753 3238
35 0
31 1 3989
96 0
23 0
12 0
61 2 2968 1387
33 1 4712
38 1 4880
95 1 3349
30 0
19 0
37 1 2633
81 1 3734
79 0
68 3 4822 1998 3442
77 2 4281 4410
59 0
82 0
38 0
94 3 4084 4569 3589
82 1 3584
55 1 2851
84 0
80 1 225
45 0
84 4 4422 4210 4279 2483
28 4 4154 3549 3408 1742
45 1 3028
54 0
44 1 1349
36 0
44 3 3409 3436 3519
5 1 767
87 2 3931 804
36 0
42 0
16 0
13 0
68 0
17 0
52 3 2068 3652 10
13 2 1469 484
30 0
59 1 3432
49 0
19 2 2433 1782
45 0
83 1 2272
25 0
41 0
2 0
44 0
71 0
48 1 4797
80 1 4788
25 1 1452
68 2 1836 4486
65 1 2262
51 1 876
71 1 1618
5 1 4624
58 0
93 1 2572
78 0
3 1 4513
66 1 3878
19 0
80 0
59 2 3024 595
61 1 606
81 0
19 0
2 0
72 0
70 0
95 0
34 0
6 1 2885
32 0
88 3 1927 1283 4979
97 0
29 2 2275 3545
6 0
80 0
24 2 682 3833
43 3 89 3118 4102
65 0
15 0
63 3 137 4829 4959
21 0
53 0
7 3 2435 538 684
61 2 2500 607
76 2 1625 3364
58 2 3542 1826
52 1 641
83 1 1622
52 1 1517
8 1 1900
78 3 1173 4892 4673
23 2 4021 1499
87 1 4533
15 0
87 1 2818
21 1 913
89 1 4686
27 0
78 0
50 1 1137
32 0
53 1 1150
84 0
32 2 3170 3391
98 1 1953
76 0
18 3 81 4378 1017
27 0
74 1 2769
69 1 2270
83 0
1 0
9 0
18 2 1299 1659
1 0
17 3 3882 3144 1360
76 1 4151
44 0
28 1 705
90 2 3554 939
79 1 4343
37 1 2224
35 1 609
40 0
76 3 4835 2400 4046
20 1 544
20 1 4502
51 2 1676 1841
37 2 3879 4223
49 0
82 0
78 1 2528
5 2 1235 1863
61 3 490 1864 122
89 1 191
12 0
95 0
13 1 4683
20 1 4751
6 0
21 0
54 5 3834 4853 2336 4576 1551
86 1 3805
88 1 3397
83 1 2368
79 0
15 1 2255
1 0
88 0
43 1 2059
7 3 4618 2414 2890
50 2 3376 1584
78 3 4316 3010 3377
33 1 121
58 0
82 0
56 0
69 1 2032
83 3 2369 1516 1954
79 1 4951
58 0
79 5 272 2189 3120 1616 4163
97 2 4839 3923
79 1 3541
78 1 3306
92 0
42 2 509 3499
66 1 63
7 0
31 2 2183 2164
1 0
56 0
67 0
36 0
34 1 2665
77 0
9 0
4 0
60 3 3632 1602 338
31 1 436
26 0
23 4 4075 1426 3509 1264
32 0
36 0
33 1 3754
24 1 3801
75 0
66 1 794
30 1 2298
16 0
59 0
49 3 124 1022 2304
68 0
54 2 952 3884
61 1 4436
78 0
22 0
80 2 2324 4273
65 0
49 0
22 3 3205 3570 2543
30 0
76 1 3014
43 0
62 2 1013 1475
62 2 4088 431
23 0
42 0
93 0
11 3 4701 4508 4280
49 1 3199
29 3 3914 2158 2508
48 0
46 0
98 0
97 1 3877
49 0
39 0
63 0
87 1 4277
47 3 661 4142 2505
90 0
55 1 363
33 3 3345 4149 2671
67 0
41 1 2362
27 1 2192
18 1 383
60 0
84 4 2003 1769 4134 3107
60 1 2308
49 1 2375
66 2 3151 635
10 3 3658 2076 4287
90 1 722
24 0
96 0
58 0
66 1 793
59 1 1048
91 0
1 0
15 4 621 1547 3056 4762
49 1 3666
1 0
83 1 1692
9 1 2581
38 1 743
12 2 1314 4562
17 6 2017 3381 2181 2516 430 2926
2 0
0 1 1987
6 4 2371 3824 1689 2214
89 4 3984 1382 2462 2081
64 1 3661
58 1 968
81 0
51 1 1142
7 2 3598 4314
33 3 579 3785 4113
13 3 418 1913 626
1 2 2280 907
55 0
88 3 2188 2178 2612
69 0
7 0
60 0
46 0
52 4 2615 4201 3321 1224
45 2 1029 2182
40 6 341 1109 2731 4415 1433 4284
85 1 3991
98 1 4123
99 1 555
47 3 1559 1407 1623
10 0
97 0
69 2 892 4537
87 1 1909
89 1 1177
8 1 4364
73 0
6 1 3237
36 2 2154 3730
60 1 4656
9 1 2120
81 0
73 1 863
14 0
12 2 3719 1727
43 1 3034
99 1 466
73 1 108
40 1 4029
9 1 3066
34 1 3640
50 2 4927 1592
59 3 785 757 4006
74 2 3466 2703
79 0
86 1 1794
4 0
77 1 4530
12 0
29 1 4910
93 0
79 0
96 2 4538 52
43 1 4076
19 0
3 0
64 0
9 0
39 1 73
99 1 760
84 0
21 0
36 0
80 2 3917 1365
89 1 82
16 0
64 0
31 3 1556 3497 1806
52 0
62 0
5 1 2537
42 1 273
46 2 370 4225
74 1 3062
76 0
35 2 909 822
18 1 107
71 1 1455
20 1 4703
8 1 3918
8 0
3 0
6 1 1760
23 1 2285
61 0
75 0
78 1 3447
48 0
73 0
58 0
31 0
35 0
80 0
33 0
18 0
82 3 4108 1095 2281
94 0
45 0
7 2 4901 4023
47 1 3720
7 0
38 0
69 3 3566 3 4950
22 1 1092
85 1 2619
69 0
83 0
88 0
34 3 2879 4324 1378
9 1 2841
89 1 2352
57 2 1148 782
46 1 2713
85 1 1522
69 1 3455
66 0
5 1 377
7 2 3425 3916
90 0
14 2 4167 1768
40 2 776 1260
10 1 4283
95 1 3315
4 1 4097
78 0
42 2 4978 1479
36 1 1710
81 0
96 2 4596 481
77 0
77 2 3318 115
70 1 2036
94 1 2959
91 1 4153
84 1 3939
36 0
47 1 3642
80 3 4697 2743 537
56 1 2389
76 3 2784 3981 2394
86 1 2759
62 0
14 1 4385
93 1 3936
47 1 2470
75 2 3885 774
6 0
87 1 1196
62 5 3978 3437 58 4478 3051
11 3 3212 4094 4434
69 1 3488
27 1 3689
66 0
35 1 136
25 0
4 1 3195
85 0
39 0
50 1 961
68 1 2248
93 0
58 0
83 0
6 0
7 1 437
82 0
71 0
72 2 1402 2686
20 0
34 0
49 1 2049
24 0
90 0
54 1 4737
49 0
7 2 1015 3026
97 0
99 0
73 2 576 527
4 3 2770 3405 4740
86 1 904
39 0
24 1 1905
47 0
82 0
13 1 423
72 2 2550 1579
84 4 4125 2917 2811 4625
95 0
79 1 2091
73 0
35 2 1688 3524
66 1 482
83 3 3112 3736 4953
71 1 696
58 1 2231
40 4 4986 1960 2000 582
24 0
8 0
26 2 2685 1261
78 0
97 0
11 2 1986 4340
24 2 3048 2825
20 1 1780
36 1 871
25 1 3500
61 2 578 2610
25 1 4919
52 1 605
51 2 492 3283
47 0
51 0
82 3 1662 1082 803
37 0
29 3 1063 315 3578
36 1 1591
67 1 916
87 0
85 2 3765 4452
65 2 4490 1862
87 3 3419 4498 4856
95 1 693
77 2 3669 3099
29 3 3731 1645 1700
65 0
49 1 881
35 1 354
20 0
92 0
22 0
30 0
2 1 979
28 0
36 1 3868
66 0
26 1 2755
93 0
31 0
89 0
40 0
87 2 1628 465
25 0
38 3 2535 2312 3954
58 0
29 1 4732
8 0
29 1 1326
13 2 3323 3458
33 1 2611
18 3 1819 3803 2202
28 0
93 0
69 0
26 0
73 1 2090
48 1 4054
78 3 1821 1280 3441
25 0
46 0
17 1 1779
28 0
88 2 2870 765
83 2 1253 3825
67 2 2079 1983
5 2 4091 4869
6 5 4984 2592 3739 241 2204
75 4 1356 3061 4000 4619
80 1 4573
62 0
70 3 3614 2674 1151
46 1 3208
82 1 901
5 3 1112 2539 1286
52 1 1634
89 0
14 0
27 1 2089
85 0
62 0
75 0
48 2 3724 3904
98 0
36 0
93 1 3020
2 0
89 0
34 2 791 305
81 0
60 0
64 0
68 1 2641
42 0
98 1 3817
62 0
96 0
37 4 245 248 3046 2499
2 1 1971
57 0
88 0
9 1 3423
48 0
2 0
33 0
42 0
52 1 750
81 2 2430 4231
51 0
50 1 4518
37 2 1042 3867
68 0
88 2 926 1009
17 0
67 0
42 10 1076 739 3687 3074 1797 596 4196 4407 3462 1690
98 1 1571
10 2 4456 1500
51 1 402
22 1 1368
3 2 1369 4949
58 0
12 1 197
41 0
88 1 1489
98 1 3132
66 0
51 0
80 0
5 1 4747
46 3 3396 3750 4956
85 0
37 0
3 0
15 1 3810
48 0
14 1 4655
74 0
89 2 3741 4836
16 1 4708
18 0
21 1 4633
20 0
69 0
95 1 2934
51 3 1164 2062 3123
99 0
84 1 3280
33 0
96 2 3388 4270
85 2 3523 1186
85 1 664
74 1 852
90 1 4571
41 2 1652 1141
86 3 2056 3313 1951
56 1 4806
90 0
20 0
41 1 2195
70 0
93 1 2951
95 0
0 1 297
77 0
35 1 2296
0 5 4444 4376 3848 4917 559
45 1 223
12 0
14 0
61 1 977
89 0
62 0
4 2 4992 1011
60 0
19 1 3531
85 1 3454
18 0
65 1 2999
80 3 3832 2064 3988
52 1 1002
28 1 3799
42 1 2575
45 0
88 1 329
68 0
58 1 3725
74 0
61 2 3227 1675
41 1 4785
77 0
39 0
81 0
68 0
87 2 1869 4911
15 0
60 0
12 0
63 0
23 1 2877
59 4 1023 2155 2176 644
2 1 564
61 1 955
65 0
55 0
18 3 2349 2101 4288
8 0
97 0
12 1 2750
48 2 2817 1227
51 2 1471 637
96 0
80 0
52 0
20 4 2409 4041 4483 4489
54 1 1168
26 1 3781
81 1 2449
23 0
68 2 3242 2331
32 1 1328
100 0
85 1 851
62 0
45 1 3569
83 1 1735
24 1 4887
76 1 2367
83 2 799 2598
31 2 3162 4792
47 0
93 0
94 0
73 2 2432 237
61 2 549 3154
30 1 3690
77 0
65 0
39 0
60 0
21 1 2935
61 0
14 2 2867 372
36 0
6 0
38 0
47 1 3502
8 2 4514 2311
72 1 4908
5 0
36 1 93
60 0
60 0
40 0
94 3 2033 1486 1974
6 5 4515 4543 90 4885 1650
86 0
11 0
98 0
94 0
77 1 284
12 2 3602 1636
51 1 4101
14 1 2157
98 2 1914 2208
95 2 4479 4017
25 0
98 0
84 2 1110 1208
10 0
60 1 3311
84 5 524 4342 2050 4675 532
77 0
82 2 4396 3815
37 1 2675
58 1 1298
90 1 76
99 1 3269
58 3 84 1852 1037
92 2 2504 1335
13 2 2116 1103
76 0
66 0
21 1 4985
15 4 491 2180 2532 720
89 0
87 2 4750 2310
10 0
1 1 3850
79 2 4321 2173
60 0
81 4 4428 938 3172 495
1 1 792
96 1 4203
17 1 53
96 1 1525
63 4 2481 1918 2114 650
77 2 2240 681
58 2 3529 2639
48 1 2139
89 1 2909
38 2 4735 2676
55 2 3463 833
71 1 3912
25 1 3511
53 3 2597 1957 4199
94 1 2821
41 0
62 1 1160
38 0
91 2 2232 396
24 0
73 2 3406 2404
79 1 1527
53 0
17 0
56 0
67 1 4988
85 4 3660 3751 560 4275
51 0
92 1 2983
25 0
57 1 2006
34 2 3516 1031
76 0
100 0
45 0
63 0
50 4 1959 2061 1144 2467
3 2 2618 2256
89 0
57 2 1217 4904
35 2 1448 3604
85 2 1289 4585
73 2 2025 4996
72 2 2741 236
92 2 29 4416
70 1 4359
67 1 3626
62 2 3870 633
34 3 4301 304 2351
78 1 964
97 1 2405
47 0
14 0
39 1 2152
18 0
5 1 914
30 0
55 3 948 1767 1831
4 1 457
18 1 4889
1 1 3627
16 0
19 1 1165
46 0
55 2 1861 4658
58 3 1193 1182 1409
61 1 3562
54 3 4650 120 2042
68 2 1313 4059
82 1 3336
33 0
51 1 4229
23 4 4742 575 4974 1005
96 0
36 1 1344
85 0
69 0
41 1 3862
74 0
47 0
5 1 899
83 3 3333 4852 1415
81 1 2853
22 0
96 2 802 195
84 1 2862
94 0
83 0
40 0
18 0
46 0
19 3 2299 3222 4522
60 0
36 2 1629 3485
86 0
91 2 1334 4400
23 3 1537 1219 1119
74 1 4155
24 0
59 0
29 0
13 3 2413 3387 610
87 0
64 2 99 985
73 0
83 0
64 0
62 2 4236 1412
27 1 244
22 1 142
7 0
19 0
54 1 2053
60 0
15 3 4122 3959 3470
62 0
8 0
90 1 4147
23 1 1624
9 0
67 0
10 7 3948 3213 2418 2322 2521 1940 3643
72 4 4232 173 426 2004
7 1 1597
51 1 2148
73 0
73 0
67 8 897 1818 331 2 3503 1226 632 4291
74 2 2856 3590
27 1 62
83 1 3796
50 0
24 3 2855 3167 3942
85 3 2714 1336 3685
7 2 4907 1030
34 3 2265 71 874
32 2 4572 2836
81 0
94 1 4455
46 0
75 1 420
18 1 4131
62 2 1450 1361
8 1 3036
86 2 1113 1989
3 1 4141
31 0
92 1 4684
2 2 931 525
65 0
64 0
22 2 4886 19
30 3 1813 2928 106
98 0
21 2 828 2174
5 0
86 0
51 0
11 1 3752
3 2 1696 4117
8 0
29 0
20 0
24 2 3076 4402
87 1 4202
70 0
37 0
48 4 890 3303 1969 3178
46 2 3787 3093
50 1 1532
38 0
98 1 152
61 1 1185
9 1 3374
94 1 367
23 0
79 0
0 2 3142 4603
11 2 4659 1541
96 0
36 1 1587
96 0
14 1 4360
35 3 2261 2346 1304
59 0
5 0
85 0
12 1 1178
63 2 2599 3013
5 0
7 1 3910
40 0
78 4 865 2813 841 4082
29 0
6 0
28 2 1169 3100
20 2 336 3284
68 0
97 1 409
12 2 4734 2901
37 2 1759 692
45 3 4408 4221 3181
58 1 325
87 0
53 0
64 2 3266 3908
97 1 3645
62 1 2923
84 0
73 5 2782 773 3204 1327 2815
65 0
24 2 1465 4459
33 3 4539 3071 2106
42 1 2907
20 0
35 0
29 0
0 1 2869
63 2 3347 3386
57 1 3943
27 1 4909
59 5 4834 4694 3655 3359 918
79 1 358
80 1 2916
66 3 1681 463 1213
68 0
7 2 1379 1854
13 0
90 1 3957
57 1 2882
21 2 2687 4944
26 0
87 0
41 0
23 1 262
57 3 4156 4540 873
38 1 141
71 0
56 1 4085
67 0
39 0
17 0
56 2 2464 3389
74 1 2804
73 1 2947
75 0
84 2 4903 125
38 0
54 1 3560
6 0
57 0
17 1 221
10 1 4541
45 1 3985
23 1 1994
65 1 2107
77 2 709 4245
80 0
35 0
34 1 3580
18 0
92 1 3779
82 1 3835
53 1 332
41 0
4 1 2908
57 0
88 0
25 1 2778
70 0
92 0
33 1 3552
68 1 2239
46 1 1099
57 2 257 4292
98 2 2209 3068
61 1 1166
31 0
25 2 4845 1704
66 2 2171 2679
97 1 868
34 0
21 0
67 5 3595 1271 2156 1207 2905
52 1 3203
2 1 4294
16 0
24 1 526
44 2 1757 3274
50 1 427
31 1 2640
33 1 2127
44 1 3096
69 0
74 0
75 0
42 2 3641 4691
66 2 1293 943
33 4 1094 1510 3401 2577
18 0
75 0
59 0
32 0
64 0
97 1 4026
80 0
78 0
65 1 2524
6 0
82 2 4476 4529
84 1 775
46 5 3022 3974 848 271 563
11 3 2105 4770 4362
86 0
58 2 209 1980
91 0
23 1 4392
89 5 42 755 2147 702 2717
77 0
27 0
32 2 1680 1593
60 1 2138
92 0
40 0
87 3 470 3546 4604
52 1 360
64 0
30 0
39 0
74 2 1536 3018
38 4 198 4648 347 4831
82 0
38 6 161 4258 557 552 4443 1781
18 0
87 1 4698
56 1 617
59 4 711 4859 3982 4582
61 0
9 0
77 0
61 1 1583
53 0
19 0
37 0
22 1 1446
57 0
96 1 3126
69 2 1385 4669
80 1 912
23 1 2918
33 1 4100
31 2 1087 2622
2 3 4219 1744 3507
15 0
60 0
2 1 4063
22 5 4319 3106 691 1028 3418
92 4 1454 3605 228 1430
29 4 2651 4356 2001 1504
17 0
82 1 4547
28 2 3533 4700
68 1 2938
74 1 2997
2 1 4696
40 0
43 1 2135
44 1 3265
96 0
53 1 2996
85 2 290 1577
65 2 3608 1867
73 0
19 2 870 4615
71 0
84 2 1342 3711
8 0
29 0
90 2 3540 814
84 1 2931
96 3 4060 4 4536
100 0
99 0
63 2 3768 1935
23 1 1555
54 2 2087 1375
76 6 4194 1456 1145 4066 584 1139
49 0
69 0
5 2 685 1830
67 0
25 2 1898 4577
27 1 1425
58 2 1519 2680
86 1 1568
47 0
34 2 2783 4868
56 1 3721
32 0
56 0
65 1 2133
81 1 1243
38 1 1234
92 1 3015
99 1 2536
16 2 3276 183
22 0
36 0
47 0
9 1 3201
41 1 397
95 0
16 0
43 0
93 0
37 0
59 1 3895
81 2 1158 3897
71 2 4132 2701
92 0
99 0
57 0
40 0
67 0
97 1 2514
68 1 3504
51 1 4780
56 1 4990
70 0
40 0
64 1 4035
53 1 1839
75 3 945 4182 289
90 0
13 1 1350
21 0
95 0
44 1 4494
62 1 1906
1 0
82 0
32 1 4587
8 0
34 1 1384
1 2 2069 1632
28 1 2880
79 0
18 2 4055 3746
5 1 4011
57 1 3017
53 3 2666 615 3218
26 1 100
76 1 1266
78 1 4893
100 0
72 2 4111 149
89 2 2932 2883
77 1 1036
71 2 3969 2278
49 1 707
37 0
34 0
94 0
67 0
29 0
2 2 4759 2205
79 3 4790 2165 448
23 1 4695
57 1 1453
59 1 3378
62 1 3737
43 0
26 0
46 2 407 1627
81 0
77 2 85 717
83 3 2386 2144 258
5 0
51 2 3778 4753
89 0
72 0
30 0
80 0
62 0
98 1 2074
86 4 954 3021 1355 4738
53 0
57 0
92 0
25 0
63 0
94 2 3875 639
45 0
58 0
20 0
37 2 905 4699
7 0
24 4 4814 3729 4962 3733
84 0
40 0
56 2 435 1538
31 2 4174 219
67 1 4884
42 0
59 0
83 1 4474
23 2 3951 4579
25 1 1814
16 0
28 0
52 0
5 4 710 4613 3538 4688
67 1 1514
53 1 3539
71 0
56 1 1672
81 0
57 1 528
10 2 1380 252
82 0
3 3 3630 3302 2446
73 2 434 2576
58 2 1242 1833
35 1 4334
42 2 581 1438
41 0
14 2 1931 3859
46 0
50 2 4300 2125
63 0
55 0
52 0
33 2 2590 4375
46 0
45 2 779 3050
67 4 300 4027 1477 2372
55 2 2863 3477
26 1 3672
52 0
59 1 2457
99 1 3150
97 0
14 2 380 2260
78 0
10 1 3772
76 1 2339
84 0
83 3 2402 4345 2562
22 0
13 1 996
62 2 4687 3343
68 0
17 0
21 1 2734
88 0
13 2 2341 2795
37 1 48
92 6 1203 1116 4652 1104 4966 3934
46 1 4038
97 0
22 1 4976
78 2 2850 2235
56 2 3057 2191
55 1 1292
77 1 625
22 1 1594
86 1 2497
32 0
6 1 1521
80 1 591
74 1 1713
23 1 1478
26 0
49 0
1 1 4729
13 0
17 0
72 0
97 1 718
39 0
48 0
57 1 2868
76 0
42 1 1724
46 1 2200
28 1 2774
60 1 2527
7 2 1501 1100
83 1 2785
27 2 3040 2891
80 2 3277 118
98 0
97 0
94 1 831
27 1 3573
37 0
99 1 1934
72 1 4022
19 1 172
78 0
34 0
60 0
15 2 3849 1204
34 0
72 1 3413
69 2 598 4844
5 0
7 0
73 1 2177
67 0
53 0
21 1 2078
28 1 721
96 0
58 1 2111
59 2 292 4883
44 1 4327
18 0
65 1 2667
86 3 2642 3077 3722
87 0
48 1 1924
73 0
74 1 4013
54 0
12 0
75 0
89 0
43 2 2327 337
14 1 299
30 1 162
29 1 4912
41 1 2554
81 2 1505 3240
55 3 3137 2066 1885
51 0
78 0
59 2 539 3434
33 2 798 4298
79 1 3166
27 2 1218 749
13 0
80 1 704
89 0
94 0
96 1 1024
20 0
100 0
56 1 3095
53 3 3646 1245 2518
98 0
36 1 2570
59 1 497
46 1 1608
4 0
45 1 1498
80 2 4119 1311
8 1 843
63 0
56 1 4212
96 0
81 1 193
96 0
62 0
62 1 1074
90 0
15 0
88 1 2530
97 0
91 0
57 2 1077 368
61 2 3019 1040
43 0
85 1 1000
14 1 4877
44 1 1800
73 2 2735 2875
80 0
3 0
8 2 4830 764
97 0
15 0
80 1 3681
30 2 242 903
2 1 4015
85 3 49 4296 1062
67 0
1 0
58 6 1943 1309 3257 4947 348 4739
21 1 2493
62 2 511 4626
8 3 1366 3052 2797
98 0
74 0
95 0
16 0
44 2 3678 2977
61 2 2739 4584
51 0
74 0
70 0
33 0
34 0
49 2 4417 4662
80 0
55 1 2652
78 0
8 0
55 0
43 2 1021 1268
29 0
61 0
86 0
4 1 3684
35 1 1737
10 2 2434 3393
76 4 1990 3032 3430 4882
84 1 689
65 3 3760 3892 1495
26 2 4268 4920
38 1 2390
12 1 3700
26 1 4799
78 0
31 0
34 0
92 1 2702
31 0
46 1 2834
10 0
70 0
84 1 2374
64 2 970 1798
58 0
61 1 1086
29 0
16 0
43 1 2291
85 1 2587
4 3 2609 1630 2134
39 0
58 0
1 0
62 2 1720 4040
4 2 158 920
24 2 2283 3501
74 0
55 0
56 2 3743 4605
41 1 70
54 0
38 1 2475
55 0
37 0
75 0
29 1 3241
75 1 3795
34 2 2663 1506
61 1 342
15 2 4661 3964
54 0
54 2 56 1615
80 1 2169
44 1 3211
13 0
0 2 2168 2580
34 1 3946
30 0
91 0
96 2 3426 1363
23 1 3125
11 0
3 2 3550 494
1 4 1550 715 2229 806
63 1 2201
83 0
76 2 3624 1371
87 5 3915 4678 2976 2649 1706
3 0
96 0
59 0
0 1 4386
7 0
59 0
17 7 1512 4413 3514 1057 1071 3622 690
35 1 1060
73 0
74 0
0 1 2503
72 0
83 1 3324
39 0
62 0
28 1 2752
91 0
63 1 333
31 0
18 1 3352
45 0
42 3 624 4469 1731
14 2 3712 2793
60 0
99 0
17 3 4421 2103 790
43 2 1215 355
4 2 3489 1843
40 0
21 0
5 1 489
18 0
69 3 1961 3369 4674
67 0
88 1 3446
22 1 3422
14 2 1730 3826
47 2 3384 4092
28 0
79 0
42 1 3487
98 1 3189
34 2 3138 982
85 3 2345 4064 1278
57 0
40 1 2489
82 1 3607
8 2 2729 4534
31 1 4016
64 1 4960
49 2 4606 676
75 0
95 2 2561 3581
81 1 4952
12 1 3121
92 0
43 4 2407 1601 3616 4052
29 1 818
43 0
83 1 1893
30 1 3053
40 4 3668 1752 3753 2655
71 0
73 0
12 0
47 3 2799 3371 1948
77 0
7 1 2929
92 0
52 0
5 0
21 0
35 0
18 2 3047 1364
55 0
30 2 2137 2014
58 4 3548 1310 192 16
23 1 1319
33 0
6 0
51 3 1444 301 3326
43 2 529 2709
97 0
71 2 3188 1180
29 0
95 1 1417
61 3 388 2297 3830
79 0
31 2 3221 2044
96 1 1865
39 0
30 0
85 0
5 2 4733 330
87 1 3547
70 3 2942 2849 2953
15 0
78 0
6 0
18 2 1802 4420
21 0
21 0
91 1 3027
42 3 597 1553 3628
54 2 1316 105
79 2 3030 614
84 0
68 0
29 1 2753
87 1 117
31 1 1660
26 2 2132 3854
20 0
53 0
44 1 2829
87 0
43 0
34 0
85 3 1329 4913 3898
64 1 1441
11 1 2320
71 2 3670 3012
42 2 410 3069
13 2 1543 2607
85 2 3084 2533
85 1 1832
65 1 2496
56 1 3058
13 2 1590 1085
26 1 313
45 1 240
31 1 2366
15 0
24 1 1419
74 1 1197
63 1 4451
31 0
64 1 4937
55 1 2534
26 1 334
21 2 4857 1658
4 2 999 3789
66 1 658
49 1 270
75 0
32 0
28 2 3411 3082
38 1 22
73 1 2333
42 0
55 0
19 0
11 1 1493
81 0
60 1 1091
51 0
86 0
85 0
75 1 603
33 0
55 0
25 1 3664
23 2 2273 4216
8 1 24
95 1 278
75 1 2502
61 3 706 2832 496
65 0
10 1 2600
66 0
72 0
35 2 1315 1128
76 0
56 3 1926 2495 385
99 0
10 0
77 1 2512
77 0
74 0
85 3 677 1755 2037
73 2 4563 4482
98 0
31 0
64 2 2058 2520
14 0
36 1 2608
84 0
50 2 4161 540
50 1 976
10 2 2439 1858
75 3 2984 4353 461
38 1 4574
84 0
94 2 1285 991
23 2 366 1081
19 0
6 1 733
73 2 3920 1297
28 2 4598 1338
5 0
84 2 3649 1786
34 1 2328
95 3 2549 1513 54
79 1 3929
76 0
10 0
56 0
50 1 2526
72 0
24 0
7 0
31 0
24 0
90 3 2787 4627 4718
88 1 2354
59 3 1673 4399 4077
60 0
8 1 2344
71 0
17 1 2900
45 0
77 0
40 2 20 4083
77 2 1134 1531
85 0
35 0
99 1 1247
1 0
24 1 2436
42 2 1642 1389
47 0
97 0
76 3 1194 4758 3563
56 0
73 3 2688 3219 2267
66 4 3890 1442 4705 309
98 2 1894 1736
1 1 3060
38 0
2 0
88 1 4866
89 0
15 3 886 758 1427
42 0
7 0
29 5 3287 3191 4660 2915 1520
90 0
94 1 159
16 2 4777 1937
81 2 3327 3956
88 2 1351 663
86 2 1985 2140
91 2 1920 2172
66 1 3190
61 0
100 0
56 1 2643
11 1 1647
42 3 3278 2937 958
64 1 1939
16 0
84 0
79 1 2955
8 1 2944
50 1 668
96 1 981
67 0
31 2 2041 2621
85 2 379 4010
19 3 1405 254 68
76 0
40 2 2427 1899
97 0
40 0
74 1 2812
4 3 2035 2779 4746
38 1 4931
95 0
82 2 4253 469
45 4 2210 4578 4323 2093
69 1 4720
20 1 1138
11 2 2548 3228
40 0
77 0
14 0
7 1 3263
93 1 4312
91 1 4158
89 2 616 1337
23 0
59 0
9 2 1125 3044
59 0
9 0
31 1 1411
83 1 2617
38 0
10 1 3351
88 1 2991
23 0
77 2 2227 638
12 0
8 1 3960
53 0
83 2 740 1025
65 2 4583 3534
23 2 3101 4898
38 2 4226 131
78 1 3482
17 0
30 1 836
28 1 2914
25 0
55 0
37 0
58 1 462
29 1 4823
70 0
34 0
50 0
48 0
22 2 2422 2835
12 0
65 2 3610 3129
61 0
4 0
50 0
25 1 4322
6 3 4387 483 834
22 0
47 1 1903
24 1 978
49 1 3928
44 2 3322 3250
69 2 151 203
44 0
41 0
49 1 2507
96 1 1732
26 2 3766 712
68 2 2377 1834
73 2 1666 1320
94 1 3182
89 0
52 7 3972 3557 3385 4692 3872 1651 2888
40 1 683
4 0
18 1 3159
27 0
41 1 2515
64 0
80 0
72 0
57 1 2721
87 1 4973
54 0
30 1 1472
70 0
5 0
46 0
100 0
20 1 4250
4 0
7 2 1281 2350
6 4 657 2146 4634 3452
5 0
14 1 1449
18 0
2 0
32 0
39 2 3758 3491
52 1 4677
95 1 1170
62 3 3124 3804 3490
5 2 11 2656
3 0
90 4 4336 3004 4807 3420
46 1 3119
62 0
40 1 3135
13 0
17 1 3340
55 0
60 1 2985
5 2 1318 4220
56 0
25 1 4244
25 2 1859 2420
38 1 651
56 3 3599 3671 1574
58 1 2596
75 0
28 1 3279
44 0
68 0
35 0
68 0
23 0
68 1 862
51 1 3453
69 1 4906
68 0
56 7 2424 1633 2234 1383 3962 680 2650
60 2 1678 428
41 0
68 2 473 3214
7 2 1610 3933
80 1 2175
13 0
18 2 478 4470
14 0
85 0
79 4 1915 761 2506 2217
31 1 1097
4 0
1 0
29 0
20 0
80 3 134 4267 2604
59 3 2816 1609 1887
90 1 2254
80 3 249 1490 2995
99 1 2356
41 1 4511
45 1 1778
41 3 1507 199 3128
60 1 3812
99 1 561
97 3 302 911 1644
85 1 2964
49 1 4242
64 2 1808 6
88 2 3821 1812
13 1 980
38 0
79 0
16 4 1252 4817 2277 1992
88 1 1008
70 0
53 4 898 1561 730 3576
69 2 4568 3415
62 0
30 0
91 1 2559
45 3 4464 207 2384
17 1 4925
11 2 4864 858
69 0
18 0
86 0
13 1 2979
15 0
89 1 2379
37 0
40 2 154 3601
33 0
75 1 4243
12 1 1108
74 0
39 0
94 0
49 0
20 0
82 3 2545 1460 3304
19 0
98 2 3903 3254
77 2 2452 856
97 2 1599 2602
57 0
50 0
79 1 4164
63 0
62 0
91 0
26 0
44 1 3445
25 0
16 1 1993
2 0
28 0
4 2 4805 4307
40 1 4271
47 1 1712
50 2 1930 3880
38 2 2591 2274
10 1 1222
53 0
98 0
29 0
21 2 3881 2672
42 1 3786
40 0
83 0
70 2 4450 3143
47 2 3424 323
1 0
5 0
2 1 2707
100 0
62 1 2170
98 1 4769
61 1 2904
85 0
77 2 839 2893
90 0
15 1 4058
55 0
25 2 78 4872
79 0
100 0
26 1 4824
9 2 3844 2946
63 1 291
27 0
8 0
75 2 2552 4556
23 5 3407 4112 4032 1817 2253
78 7 1467 4189 3792 4812 2899 2541 4654
60 5 640 847 181 4923 645
16 1 4525
30 1 1399
93 0
41 1 440
72 0
43 2 2776 1176
61 4 1648 1916 1572 1807
73 0
36 0
100 0
93 1 620
71 2 962 445
37 1 1190
51 1 2348
43 1 4493
77 1 974
61 0
30 2 3816 4286
13 0
60 3 4295 69 1200
45 1 4989
74 3 1421 2223 4685
48 1 4310
0 2 2359 2086
12 0
99 1 3113
70 0
70 1 2805
58 0
12 0
62 0
84 1 1126
45 3 4876 2843 1395
25 3 573 3773 4527
95 0
53 0
14 0
83 0
87 1 326
95 4 4948 4249 4933 1470
34 0
45 4 2801 1216 3594 414
19 2 2595 612
39 1 1643
3 3 3788 2100 1273
83 1 460
51 2 1348 1576
3 0
11 0
34 1 600
46 0
35 0
54 1 3961
94 1 4545
9 1 3140
31 2 2408 287
3 1 1560
92 1 2860
96 3 590 2682 4467
4 3 3744 4265 728
47 1 1122
36 2 1010 1362
37 2 3390 4230
71 3 2364 3073 1270
28 1 2162
54 2 1715 1598
97 0
69 3 4170 4544 4165
22 0
34 1 1250
50 1 2754
15 1 2694
76 0
73 1 3869
26 0
83 0
15 0
60 0
77 2 8 771
16 3 373 1995 23
76 7 4499 2479 1877 2455 472 2160 4607
32 0
63 0
30 0
92 1 1129
27 2 2585 1333
99 1 1756
62 2 4764 4651
57 0
9 0
67 2 160 1907
9 0
65 1 4847
49 0
72 2 619 932
62 1 3759
89 2 1988 2625
38 1 716
74 0
7 1 185
100 0
37 2 1718 4954
95 0
33 1 3163
100 0
43 1 3847
9 2 4105 1657
21 1 3184
26 1 422
77 1 4248
92 3 3293 4975 951
17 1 2391
83 2 2634 4794
50 2 2459 104
66 1 726
48 1 3841
37 2 2428 4629
82 2 1749 4349
74 1 1381
16 0
72 0
58 1 4073
49 3 1323 1358 4721
40 0
77 0
2 0
79 1 4957
72 1 449
55 0
29 0
55 0
62 2 1488 4546
60 1 3094
38 0
83 2 2906 4905
16 3 3231 232 2715
8 1 2792
48 0
80 1 119
23 0
42 0
100 0
78 0
52 1 888
19 0
22 0
54 2 3164 2826
49 0
58 6 233 3288 2771 3450 4086 1163
51 0
90 1 4991
85 2 3618 371
42 3 1762 1908 5
82 2 3392 3236
14 2 3782 429
17 0
24 0
93 1 454
41 1 2874
7 0
20 0
59 0
24 0
10 0
14 2 3855 312
88 1 4595
52 0
28 2 2268 1929
71 2 3588 2589
22 0
73 3 4492 261 1254
29 1 4507
62 0
89 0
15 0
79 1 3769
1 0
20 4 3363 2966 2018 1945
17 2 3945 4306
67 2 288 3927
50 0
7 0
43 1 735
47 1 1871
17 0
20 1 3043
32 1 4074
84 1 3494
61 2 3505 2142
9 2 3748 88
83 0
100 0
92 2 2989 1719
1 2 67 2167
81 0
63 0
77 1 4873
35 2 519 2720
54 0
33 0
83 2 1107 4466
17 1 3935
43 1 3147
51 2 3999 2960
95 0
0 2 474 4211
29 1 2894
25 1 1291
56 1 4440
19 0
62 1 4004
57 1 796
78 2 3005 2895
24 1 727
92 1 3525
13 0
63 0
5 1 467
75 0
88 2 453 1279
89 1 4860
74 1 4012
43 0
16 1 4448
22 0
24 2 1462 2790
81 4 2485 2691 187 204
42 0
60 2 1372 451
35 0
12 1 3309
45 0
77 0
68 0
20 0
28 1 2927
26 5 4725 4736 4432 1267 2722
6 1 1828
1 0
20 0
96 2 4449 72
55 3 4934 3683 2442
41 2 1070 4146
51 1 3264
63 0
84 2 3399 1904
52 3 1494 3596 4056
59 0
67 0
64 0
54 1 157
80 0
18 0
85 0
37 0
42 0
35 0
57 0
39 0
76 1 362
49 4 2060 665 2982 4890
19 2 456 4614
81 0
39 0
33 1 2007
29 2 4177 3011
73 5 1612 411 1596 502 2760
85 3 1331 1153 1529
68 0
57 0
74 0
36 1 4124
80 4 2988 4862 2718 2950
97 0
50 0
29 1 2781
43 1 4472
100 0
25 1 1428
33 1 3606
56 3 1879 2008 4608
19 1 1791
24 1 110
47 2 3438 986
84 2 477 4918
41 0
15 0
81 2 1451 316
33 0
59 0
43 0
40 0
23 1 4028
40 0
76 1 2794
67 2 2876 2380
70 1 3370
4 3 3296 4505 3612
36 1 3461
69 1 671
22 3 631 825 2623
77 1 4341
69 1 4771
86 0
20 0
10 0
48 2 2122 4772
51 1 2293
82 0
27 2 4755 3194
18 0
61 2 253 4222
2 1 2023
81 1 1418
24 0
18 3 784 570 2388
10 0
68 0
95 0
6 0
7 1 503
49 2 973 404
75 0
59 2 3029 966
11 0
61 0
93 1 2786
71 0
26 3 2423 3913 795
98 1 611
91 0
53 1 3464
71 0
26 0
75 1 3192
59 0
1 1 741
83 0
0 1 1635
87 0
67 0
79 2 499 4838
94 1 3994
90 0
72 1 2922
97 2 2150 4179
9 0
70 0
19 0
54 1 4485
66 0
69 0
48 1 2920
89 4 2471 2373 3395 1377
70 1 3625
87 1 381
96 0
97 1 4347
91 1 2401
36 1 4069
26 3 3992 3105 1102
17 3 3037 3716 4800
82 0
17 0
60 1 3041
18 2 1391 788
82 0
42 1 1701
79 1 3980
13 2 3357 175
11 1 2448
42 1 587
97 1 156
1 0
99 1 3639
54 0
51 0
25 0
47 4 96 1241 1816 2606
20 1 545
20 0
56 0
24 0
20 0
34 1 4557
88 2 2323 1079
19 0
56 1 1246
8 3 885 1437 46
60 1 2902
3 0
4 1 1526
40 1 4816
14 0
31 0
83 0
20 2 3252 344
63 0
82 0
14 0
19 1 520
2 2 1962 3813
57 1 1016
68 0
20 0
25 1 2659
17 1 17
24 2 1130 1152
28 1 2307
98 0
65 2 147 3088
55 0
13 0
60 1 1306
61 0
39 2 4337 1413
30 2 1682 3243
83 1 4649
58 1 3146
23 0
0 3 3365 2772 4198
56 0
26 1 3023
76 2 929 37
82 1 548
80 3 1824 723 571
13 1 4460
87 0
44 1 1321
92 0
53 2 4439 3688
72 1 4970
77 0
34 1 3819
87 2 4517 4791
53 2 864 842
86 1 2159
70 1 1171
1 0
46 1 4841
25 0
19 3 3087 1669 4943
97 3 855 3784 2419
7 0
78 1 1503
57 0
76 0
27 1 3484
15 0
47 2 1789 4178
17 1 622
31 2 820 2084
56 1 2712
57 0
66 1 2279
66 0
5 0
96 1 924
3 3 4593 4175 3248
0 1 2113
17 2 673 922
100 0
62 3 3907 3858 4397
76 0
71 0
66 2 1120 2654
83 0
61 1 4126
6 3 1474 698 3740
25 0
68 1 3016
3 1 4938
85 0
21 0
33 0
97 2 2450 2788
41 0
30 7 234 3481 128 568 2242 4217 265
6 1 2011
2 0
12 1 4837
30 2 3828 2965
59 4 1195 2031 2653 2936
92 0
39 0
23 2 44 2529
63 1 2830
10 0
67 2 4115 821
95 3 1049 1544 4171
45 0
10 0
65 2 860 3735
79 2 2443 1156
3 1 2421
5 1 1686
83 0
74 0
16 3 3665 3310 1585
63 1 3141
74 0
43 1 3919
49 1 4257
37 1 517
85 0
91 1 3492
31 0
90 1 2290
2 1 3224
20 1 1307
88 0
58 1 4516
1 0
86 1 613
79 3 2827 319 3838
70 1 4030
27 0
5 1 2872
10 3 3285 41 987
68 2 3262 2733
61 2 816 4752
46 2 879 1570
17 2 1575 4637
2 0
25 1 3297
21 1 2861
83 0
36 0
19 1 3259
47 1 941
15 0
39 0
97 0
84 0
34 1 40
21 1 4259
26 1 3049
86 3 3761 306 2016
50 1 1950
99 0
9 1 1464
26 0
63 1 2847
35 0
72 2 132 4774
97 0
38 4 2911 2744 4998 2992
99 0
17 1 2910
94 0
38 0
72 0
59 1 4531
16 2 1964 3925
71 0
72 0
61 1 3480
71 0
10 0
25 0
32 4 960 2022 4240 4352
25 0
80 1 2403
29 3 2522 4209 1554
1 1 4442
98 0
58 0
55 1 4238
76 1 3341
59 0
56 1 1143
18 0
76 2 2251 4289
35 3 216 917 2075
23 2 1249 4120
56 0
59 0
12 0
85 1 1856
85 2 3647 4728
19 0
6 0
42 2 374 394
85 1 4431
16 2 4001 2246
29 0
71 0
25 0
82 4 1175 2316 4827 1723
63 0
59 0
97 1 1282
46 0
75 0
51 0
89 0
64 5 1586 352 2807 1300 4080
4 0
52 1 630
59 0
26 0
67 2 1248 3289
0 1 4997
20 3 39 543 566
22 4 1747 4207 3575 1891
22 2 4183 1603
13 3 4438 4982 3092
70 5 3268 1588 2266 762 202
27 0
51 0
81 2 208 877
60 1 2986
83 0
12 0
29 1 3468
68 0
32 1 4049
59 0
69 0
83 2 3168 180
80 2 4057 551
83 0
15 0
94 1 2509
27 0
72 2 1799 239
31 5 3193 2556 468 3873 4588
58 0
63 0
88 0
88 1 2484
78 1 2332
70 4 2130 4542 1484 1239
74 1 3517
50 1 837
82 1 328
87 0
50 1 2318
13 0
1 2 2437 4743
42 1 4848
17 0
98 1 3294
62 0
3 2 3008 2698
69 3 2558 1873 3896
87 0
45 0
10 0
66 2 4150 283
25 3 378 1564 165
95 0
51 2 2218 3000
41 1 4329
29 1 1569
28 2 2055 1827
80 1 1302
51 2 1483 4042
28 1 2978
18 1 2124
11 0
7 2 4160 3435
9 1 2190
85 1 1714
60 3 1236 143 4561
56 0
97 1 2447
64 1 2981
95 2 1088 2912
8 0
40 0
49 0
41 0
32 0
17 0
11 1 3267
92 1 1393
68 4 1238 2378 3561 4779
72 1 4639
30 1 2123
65 1 3261
89 2 2236 2115
33 0
87 0
24 0
19 0
59 0
31 0
24 1 3055
83 2 3952 3260
70 0
52 0
64 1 65
22 0
55 0
36 1 139
24 2 660 2216
40 3 2873 3122 925
51 0
30 0
27 0
71 5 4809 1401 2637 1211 3674
41 2 649 719
6 8 2697 4025 3839 944 4130 4228 809 4932
19 1 1072
31 0
18 1 510
46 1 769
2 1 1996
29 0
36 6 554 268 4390 3102 1035 3571
71 2 3603 170
69 2 1875 1619
17 2 1373 3091
53 0
50 0
16 1 1274
24 0
95 1 1476
42 0
37 0
94 0
10 1 1059
82 0
80 1 4722
68 1 3235
75 2 412 1668
54 1 215
92 0
96 0
6 0
44 1 153
18 2 1121 3949
31 0
63 0
18 0
69 0
98 0
76 1 4497
5 1 553
63 1 1225
59 2 2119 4558
20 0
12 0
35 2 4339 1131
64 0
10 0
56 0
50 1 2636
54 2 1811 218
98 1 415
60 1 4681
55 1 984
100 0
84 0
68 1 343
99 1 4098
68 5 4272 4034 3958 2054 3366
53 0
45 1 688
81 1 4523
50 4 4065 2194 1754 4896
10 2 2513 1709
30 2 957 2019
60 0
86 0
72 2 1468 452
27 0
74 1 3762
33 0
95 3 4095 3696 567
97 2 2028 4121
30 3 988 4802 1436
6 0
13 0
21 1 1528
39 4 4135 634 3673 4865
48 1 1698
96 0
51 1 327
9 0
93 1 4079
82 4 4033 1946 3350 1973
18 1 1741
79 0
4 2 1044 4157
39 1 1784
87 5 4666 1829 4206 2670 2660
1 1 4818
72 2 2657 169
73 0
6 0
50 1 4208
64 1 3556
10 0
43 1 1026
76 3 443 4981 3732
22 7 969 4389 2015 317 1039 1965 1181
5 0
25 0
86 0
83 1 3295
7 1 3186
74 0
25 0
23 0
34 0
43 0
97 0
76 0
24 1 4594
59 0
50 1 4014
75 1 447
74 0
37 0
71 1 1019
95 1 421
85 0
70 1 1726
45 0
95 0
26 0
3 3 4506 2376 2540
86 1 4512
3 1 594
82 0
57 4 3292 1140 3543 4706
14 1 846
65 2 4922 350
2 0
93 0
9 1 4380
50 1 3174
93 0
81 2 4808 38
44 0
15 1 508
60 0
39 1 1359
61 1 1508
34 2 1443 4902
94 1 1032
72 0
18 0
52 1 3871
50 0
77 6 3790 1466 2102 145 3840 1958
22 0
50 0
40 1 1549
68 3 3332 2488 844
2 1 4457
38 0
70 1 686
27 1 3861
79 0
50 0
21 2 2563 1804
64 0
99 1 815
16 2 2429 4968
71 4 4358 4315 1518 4796
44 3 949 1530 4129
50 2 2974 1376
77 1 4503
18 0
69 0
54 0
46 1 4047
54 2 1694 3035
7 1 2052
42 1 174
57 0
59 0
60 0
91 1 572
65 0
71 1 4325
86 1 1080
56 2 3006 2002
51 1 4241
20 1 3857
40 0
22 1 4365
66 0
50 2 4532 3691
69 4 2412 34 3161 4363
2 0
89 0
13 0
68 0
74 0
97 0
77 0
92 1 1244
75 0
31 4 47 983 506 1888
55 0
42 3 4680 376 114
5 2 1511 3471
42 0
71 0
29 0
45 1 2614
0 3 2673 4599 4719
66 2 3851 1729
34 0
35 2 4894 3755
84 0
84 1 4810
83 1 3714
30 0
59 0
55 1 1761
6 4 2658 4714 4672 3528
70 0
18 1 2314
25 0
47 5 3459 211 438 1880 488
32 0
91 0
46 1 2187
26 1 1997
88 1 2564
79 0
92 3 4915 580 1473
44 1 1919
75 1 3659
84 1 3342
16 2 1691 4447
92 1 3777
17 0
59 0
19 1 1589
34 2 3774 395
13 0
44 4 4783 4754 4781 433
81 2 642 4491
11 0
62 1 2578
14 0
1 1 3776
64 0
40 0
37 0
95 1 3258
55 3 1396 1212 713
17 2 2185 536
41 0
0 1 1353
31 1 1288
70 0
27 3 1967 2410 1066
4 2 878 3520
95 1 747
70 1 4104
92 0
91 0
39 1 3600
72 1 2980
67 1 130
80 0
97 0
46 0
88 0
36 2 3806 393
15 2 3116 3930
8 0
51 1 346
91 0
14 1 464
83 0
24 0
73 0
67 1 3906
48 0
70 1 2013
78 1 3811
98 0
62 3 3356 3717 2726
37 0
5 1 444
78 0
47 0
67 3 2365 1065 3713
28 0
97 2 2629 4186
29 1 763
74 3 3692 4278 754
69 2 2465 1855
13 1 880
52 0
64 3 4039 25 2669
75 1 4373
28 0
56 1 2897
34 3 1763 1053 3814
8 0
0 2 2399 3160
25 0
24 2 3282 3526
73 1 674
77 0
5 2 1711 1404
91 4 1179 1233 2098 3474
17 1 1667
83 2 2647 4690
51 1 2840
29 1 4891
94 0
5 2 4418 3521
70 1 4458
76 1 4070
80 0
24 1 1357
22 3 1787 659 2294
79 1 1925
2 1 2624
83 0
86 0
58 0
81 0
60 0
92 5 2525 2802 4114 3316 4616
74 1 1975
31 1 4676
0 3 1805 2574 1991
88 2 534 1209
58 2 1420 3802
96 3 4050 1189 4983
32 0
59 2 4468 849
40 1 1232
76 0
37 1 2757
11 0
19 0
84 2 2620 2085
66 0
42 0
28 0
85 0
13 0
86 1 4435
1 1 4711
65 1 2887
65 1 648
10 1 387
81 0
32 0
11 1 4234
76 2 3831 2203
12 0
2 0
29 1 2431
74 2 293 3926
30 0
84 0
46 0
7 0
40 0
63 0
96 1 3382
10 0
37 2 1670 2706
63 0
4 2 2796 853
80 0
6 0
26 0
39 2 3439 3290
74 0
99 0
16 0
97 0
73 0
48 1 2551
48 1 937
80 1 959
9 3 3996 678 2213
37 2 930 4663
95 0
38 1 3145
10 2 1758 351
1 0
97 0
21 2 4143 3185
89 0
46 0
84 2 4445 3444
34 1 3654
81 0
57 3 1820 401 4693
24 2 103 3631
46 1 2039
42 0
27 2 1317 2456
39 2 2954 2099
74 1 2334
0 1 2046
6 1 2837
87 4 3887 1276 2478 2286
85 1 210
25 1 2842
88 1 2939
34 1 1978
8 1 226
89 0
52 0
46 0
41 0
60 0
59 0
60 2 990 3842
21 0
20 2 4741 4524
88 1 789
100 0
80 4 3275 2579 786 3115
50 0
14 4 3002 2494 3902 4185
72 4 1269 736 4601 1064
96 3 2330 3619 2282
9 1 2141
81 0
37 0
35 0
12 3 4878 4715 4357
99 0
13 1 2009
66 1 4496
81 1 1006
26 3 4840 4067 3708
16 1 1665
100 0
75 1 577
28 0
45 0
66 1 3233
43 1 295
13 0
73 1 1256
32 2 3757 2553
66 0
23 2 3090 4819
11 0
58 0
45 1 3586
7 1 801
9 0
67 2 1251 3431
95 0
75 2 2259 399
17 1 4361
92 0
51 2 1850 507
24 1 4776
19 0
74 2 4024 869
78 1 883
89 0
19 0
13 2 2392 2958
80 0
44 3 1408 1001 2719
76 1 4369
84 1 4007
62 1 737
27 0
92 3 2705 1653 3893
61 0
31 2 4888 593
98 0
7 2 522 3457
56 2 2118 229
13 1 1621
49 0
90 1 1626
21 0
66 0
57 2 1027 2730
97 1 2411
28 0
41 1 3081
53 0
85 0
74 1 1617
29 0
42 2 296 405
30 0
74 1 4093
18 2 4993 2542
90 2 1810 2742
57 0
71 1 4826
86 2 1397 155
57 1 2538
64 0
86 0
83 1 751
82 0
55 2 3963 742
60 2 4383 2567
7 3 4176 746 4871
40 1 1607
35 0
28 3 589 824 4589
65 1 1154
85 0
58 0
52 3 3346 33 3592
3 1 3179
50 1 4550
36 1 1654
14 1 3039
29 3 2179 823 586
5 2 3476 4139
96 0
26 0
79 2 1772 4581
80 0
56 2 2961 1721
16 0
24 1 3827
83 0
32 1 2736
23 3 4071 1445 4118
23 1 1167
75 0
72 4 3537 3460 1743 1482
33 1 1963
2 0
41 2 838 2342
15 0
89 1 908
82 2 2276 1458
40 1 1956
89 1 1708
84 1 1578
85 3 2828 1 3909
75 0
25 1 417
42 4 2969 2453 4332 1090
25 0
30 1 255
38 0
66 0
24 0
24 1 277
59 2 4404 2353
7 0
15 0
18 1 1847
23 0
73 2 3414 2468
20 1 4929
74 1 2221
67 2 1613 3072
53 1 4549
54 7 3498 4473 28 2199 3152 1801 4109
83 1 2012
27 4 965 2211 1410 3079
53 1 3080
68 1 3180
12 0
12 1 1932
76 1 1061
80 1 1322
24 1 86
8 4 2692 4227 601 32
20 2 3798 1548
64 1 2343
32 0
59 0
22 0
74 1 475
19 0
47 0
1 0
71 0
44 2 2482 679
84 2 2295 1434
98 2 3398 1463
96 3 2798 900 953
68 2 1047 1069
40 1 3025
69 1 3585
