1
100 3 5 7
24 24 4 3 2 4 8
18 2 6 9 1 1 6
2 4 2 2 1 10 10
5 1 12 15 5 12 4
24 12 4 2 2 4 12
20 80 20 4 16 4 4
9 36 3 4 3 36 9
40 10 40 5 10 10 5
20 16 5 80 20 5 4
15 60 60 12 20 1 12
3 9 3 3 9 9 27
2 4 5 10 5 5 20
100 20 4 100 5 1 20
12 3 9 9 3 12 3
9 27 9 3 27 27 9
4 4 5 4 20 16 16
20 20 4 5 25 5 25
12 4 4 1 6 2 12
20 10 10 20 10 1 2
1 16 12 12 12 4 16
4 100 20 100 20 1 5
5 20 16 1 4 20 5
15 15 15 1 10 1 2
5 20 1 20 4 5 20
25 3 15 5 1 5 5
1 3 3 12 12 12 12
4 2 4 2 2 4 4
4 4 16 2 1 2 2
60 5 4 60 4 3 15
6 6 3 18 3 1 18
2 3 2 12 4 6 2
10 5 10 30 3 2 2
9 12 3 3 9 3 4
15 15 2 5 3 15 2
12 4 24 2 2 1 6
3 3 4 12 3 4 4
60 3 20 60 15 15 15
6 3 6 2 6 3 9
4 4 4 1 1 1 16
6 18 3 3 3 9 3
2 4 8 2 4 2 4
3 12 3 1 4 4 4
50 25 10 5 10 50 10
5 5 3 15 9 5 3
6 12 6 3 4 2 6
4 15 4 12 3 60 4
1 2 4 12 2 3 1
25 5 1 25 20 5 25
10 10 50 5 5 10 1
12 3 12 1 60 12 15
4 5 20 4 20 80 4
6 1 5 15 10 1 5
1 3 45 1 3 15 3
3 16 1 3 16 4 48
2 8 10 10 20 20 8
1 15 20 5 15 5 1
5 40 5 2 10 2 20
4 2 2 8 8 2 1
1 12 3 4 12 5 60
30 2 3 1 10 3 5
8 8 4 8 32 8 16
2 4 2 20 5 2 8
3 36 12 3 9 4 4
3 3 12 12 12 4 12
10 5 25 5 25 10 10
6 3 6 2 2 1 6
2 6 1 6 6 2 2
6 6 2 6 3 2 12
4 4 3 3 48 12 1
3 6 6 1 30 3 2
1 25 20 20 5 5 1
5 3 4 4 12 1 20
36 4 4 12 3 12 1
3 4 1 36 1 3 4
15 45 5 3 9 1 5
3 20 60 12 12 20 12
5 25 5 3 3 15 15
3 3 1 9 9 1 3
4 4 2 8 8 2 4
3 6 15 10 5 2 15
1 60 1 3 15 5 20
3 3 9 27 9 9 3
12 36 9 12 36 12 3
20 1 1 4 16 80 80
4 20 4 5 16 1 4
75 1 15 5 3 15 1
25 75 15 75 15 5 15
5 1 15 25 15 75 5
3 9 3 2 18 1 1
4 4 3 16 12 48 12
9 9 1 3 9 9 3
1 1 25 25 4 4 5
12 9 3 1 4 12 4
16 8 16 4 16 8 8
2 5 50 10 10 10 25
15 1 5 3 15 45 9
20 20 15 1 1 1 5
3 8 24 3 8 1 2
20 20 4 20 20 20 16
12 4 4 8 2 4 1
